
   [Parameters]
sig_Mass_mean =  91.845 +/- 0.28676 L(0 - 120) 
sig_Mass_sigmaL =  3.2337 +/- 0.27182 L(0 - 1000) 
sig_Mass_sigmaR =  1.7270 +/- 0.20769 L(0 - 1000) 
sig_Mass_alphaL =  0.17284 +/- 0.014772 L(0 - 1000) 
sig_Mass_alphaR =  0.23429 +/- 0.017469 L(0 - 1000) 
ttbarbkg_Mass_p1 =  1.0000 C L(-INF - +INF) 
ttbarbkg_Mass_p2 =  1.0000 C L(-INF - +INF) 
N_sig =  916.93 +/- 30.280 L(-100 - 10000) 
N_ttbarbkg =  0.0000 C L(-INF - +INF) 

   [Observables]
