
   [Parameters]
sig_Mass_mean =  92.624 +/- 1.6158 L(0 - 120) 
sig_Mass_sigmaL =  5.5768 +/- 2.2344 L(0 - 1000) 
sig_Mass_sigmaR =  1.5332 +/- 1.4223 L(0 - 1000) 
sig_Mass_alphaL =  0.044591 +/- 0.17423 L(0 - 1000) 
sig_Mass_alphaR =  0.054252 +/- 0.40866 L(0 - 1000) 
ttbarbkg_Mass_p1 =  1.0000 C L(-INF - +INF) 
ttbarbkg_Mass_p2 =  1.0000 C L(-INF - +INF) 
N_sig = -99.5594 +/- 1.3343 L(-100 - 10000) 
N_ttbarbkg =  0.0000 C L(-INF - +INF) 

   [Observables]
