
   [Parameters]
sig_Mass_mean =  91.111 +/- 0.10488 L(0 - 120) 
sig_Mass_sigmaL =  2.4314 +/- 0.085465 L(0 - 1000) 
sig_Mass_sigmaR =  1.6937 +/- 0.083914 L(0 - 1000) 
sig_Mass_alphaL =  0.20401 +/- 0.0049926 L(0 - 1000) 
sig_Mass_alphaR =  0.21994 +/- 0.0071414 L(0 - 1000) 
ttbarbkg_Mass_p1 =  1.0000 C L(-INF - +INF) 
ttbarbkg_Mass_p2 =  1.0000 C L(-INF - +INF) 
N_sig =  4223.9 +/- 64.990 L(-100 - 10000) 
N_ttbarbkg =  0.0000 +/- 20.000 C L(-100 - 10000) 

   [Observables]
