
   [Parameters]
sig_Mass_mean =  91.131 +/- 0.32918 L(0 - 120) 
sig_Mass_sigmaL =  2.5236 +/- 0.27944 L(0 - 1000) 
sig_Mass_sigmaR =  1.9160 +/- 0.29540 L(0 - 1000) 
sig_Mass_alphaL =  0.22985 +/- 0.015870 L(0 - 1000) 
sig_Mass_alphaR =  0.22221 +/- 0.024892 L(0 - 1000) 
bkg_Mass_p1 =  0.0000 +/- 30.000 C L(-10 - 10) 
bkg_Mass_p2 =  0.0000 +/- 30.000 C L(-10 - 10) 
sig_sinMHTphiMET_mean =  0.0054465 +/- 0.035804 L(-0.85 - 0.85) 
sig_sinMHTphiMET_sigmaL =  0.14735 +/- 0.032796 L(0.05 - 0.6) 
sig_sinMHTphiMET_sigmaR =  0.15076 +/- 0.035523 L(-0.85 - 0.85) 
sig_sinMHTphiMET_alphaL =  0.36108 +/- 0.054047 L(0.05 - 0.8) 
sig_sinMHTphiMET_alphaR =  0.37278 +/- 0.058987 L(0.1 - 0.8) 
bkg_sinMHTphiMET_p1 =  0.0000 +/- 0.10000 C L(-10 - 10) 
bkg_sinMHTphiMET_p2 =  0.20000 +/- 0.30000 C L(-10 - 10) 
N_sig =  494.00 +/- 22.226 L(-100 - 10000) 
N_bkg =  0.0000 +/- 20.000 C L(-100 - 10000) 

   [Observables]
