
   [Parameters]
sig_Mass_mean =  92.514 +/- 1.0933 L(0 - 120) 
sig_Mass_sigmaL =  6.3280 +/- 3.5309 L(0 - 1000) 
sig_Mass_sigmaR =  1.8440 +/- 2.7321 L(0 - 1000) 
sig_Mass_alphaL =  0.00041950 +/- 7.6970 L(0 - 1000) 
sig_Mass_alphaR =  0.0080114 +/- 24.882 L(0 - 1000) 
ttbarbkg_Mass_p1 =  1.0000 C L(-INF - +INF) 
ttbarbkg_Mass_p2 =  1.0000 C L(-INF - +INF) 
N_sig = -99.9603 +/- 0.61946 L(-100 - 10000) 
N_ttbarbkg =  0.0000 C L(-INF - +INF) 

   [Observables]
