
   [Parameters]
sig_Mass_mean =  91.605 +/- 0.12619 L(0 - 120) 
sig_Mass_sigmaL =  3.0293 +/- 0.11615 L(0 - 1000) 
sig_Mass_sigmaR =  1.7443 +/- 0.096071 L(0 - 1000) 
sig_Mass_alphaL =  0.17030 +/- 0.0065959 L(0 - 1000) 
sig_Mass_alphaR =  0.23205 +/- 0.0081347 L(0 - 1000) 
ttbarbkg_Mass_p1 =  1.0000 C L(-INF - +INF) 
ttbarbkg_Mass_p2 =  1.0000 C L(-INF - +INF) 
N_sig =  4053.9 +/- 63.668 L(-100 - 10000) 
N_ttbarbkg =  0.0000 C L(-INF - +INF) 

   [Observables]
