
   [Parameters]
sig_Mass_mean =  90.344 +/- 0.88636 L(0 - 120) 
sig_Mass_sigmaL =  2.7863 +/- 0.62964 L(0 - 1000) 
sig_Mass_sigmaR =  2.4553 +/- 0.60502 L(0 - 1000) 
sig_Mass_alphaL =  0.20401 +/- 0.0049926 C L(0 - 1000) 
sig_Mass_alphaR =  0.21994 +/- 0.0071414 C L(0 - 1000) 
ttbarbkg_Mass_p1 =  1.0000 C L(-INF - +INF) 
ttbarbkg_Mass_p2 =  1.0000 C L(-INF - +INF) 
N_sig =  82.002 +/- 9.0555 L(-100 - 10000) 
N_ttbarbkg =  0.0000 +/- 20.000 C L(-100 - 10000) 

   [Observables]
