
   [Parameters]
sig_Mass_mean =  91.672 +/- 0.47487 L(0 - 120) 
sig_Mass_sigmaL =  3.1741 +/- 0.56329 L(0 - 1000) 
sig_Mass_sigmaR =  1.7470 +/- 0.40979 L(0 - 1000) 
sig_Mass_alphaL =  0.19329 +/- 0.032521 L(0 - 1000) 
sig_Mass_alphaR =  0.23151 +/- 0.039271 L(0 - 1000) 
ttbarbkg_Mass_p1 =  1.0000 C L(-INF - +INF) 
ttbarbkg_Mass_p2 =  1.0000 C L(-INF - +INF) 
N_sig =  176.99 +/- 13.304 L(-100 - 10000) 
N_ttbarbkg =  0.0000 C L(-INF - +INF) 

   [Observables]
