
   [Parameters]
sig_Mass_mean =  91.242 +/- 0.12175 C L(0 - 120) 
sig_Mass_sigmaL =  2.1655 +/- 0.091591 C L(0 - 1000) 
sig_Mass_sigmaR =  1.8870 +/- 0.096230 C L(0 - 1000) 
sig_Mass_alphaL =  0.17907 +/- 0.0055631 C L(0 - 1000) 
sig_Mass_alphaR =  0.20331 +/- 0.0080864 C L(0 - 1000) 
ttbarbkg_Mass_p1 = -42.9007 +/- 129.25 L(-1000 - 1000) 
ttbarbkg_Mass_p2 =  0.086759 +/- 237.26 L(-200 - 200) 
N_sig =  0.0000 C L(0 - 10000) 
N_ttbarbkg = -15.6463 +/- 3.3216 L(-100 - 10000) 

   [Observables]
