
   [Parameters]
sig_Mass_mean =  91.191 +/- 0.32112 L(0 - 120) 
sig_Mass_sigmaL =  2.6168 +/- 0.24934 L(0 - 1000) 
sig_Mass_sigmaR =  1.8526 +/- 0.26677 L(0 - 1000) 
sig_Mass_alphaL =  0.21527 +/- 0.013786 L(0 - 1000) 
sig_Mass_alphaR =  0.19870 +/- 0.022002 L(0 - 1000) 
ttbarbkg_Mass_p1 =  1.0000 C L(-INF - +INF) 
ttbarbkg_Mass_p2 =  1.0000 C L(-INF - +INF) 
N_sig =  622.00 +/- 24.939 L(-100 - 10000) 
N_ttbarbkg =  0.0000 +/- 20.000 C L(-100 - 10000) 

   [Observables]
