
   [Parameters]
sig_Mass_mean =  91.268 +/- 0.056713 L(0 - 120) 
sig_Mass_sigmaL =  2.7094 +/- 0.050995 L(0 - 1000) 
sig_Mass_sigmaR =  1.7417 +/- 0.044842 L(0 - 1000) 
sig_Mass_alphaL =  0.20332 +/- 0.0029179 L(0 - 1000) 
sig_Mass_alphaR =  0.21143 +/- 0.0039739 L(0 - 1000) 
bkg_Mass_p1 =  0.0000 +/- 30.000 C L(-10 - 10) 
bkg_Mass_p2 =  0.0000 +/- 30.000 C L(-10 - 10) 
sig_sinMHTphiMET_mean =  0.00082604 +/- 0.0056893 L(-0.85 - 0.85) 
sig_sinMHTphiMET_sigmaL =  0.15369 +/- 0.0056019 L(0.05 - 0.6) 
sig_sinMHTphiMET_sigmaR =  0.15025 +/- 0.0055906 L(-0.85 - 0.85) 
sig_sinMHTphiMET_alphaL =  0.32148 +/- 0.0095790 L(0.05 - 0.8) 
sig_sinMHTphiMET_alphaR =  0.33855 +/- 0.0096044 L(0.1 - 0.8) 
bkg_sinMHTphiMET_p1 =  0.0000 +/- 0.10000 C L(-10 - 10) 
bkg_sinMHTphiMET_p2 =  0.20000 +/- 0.30000 C L(-10 - 10) 
N_sig =  10000.0 +/- 1.0683 L(-100 - 10000) 
N_bkg =  0.0000 +/- 20.000 C L(-100 - 10000) 

   [Observables]
