
   [Parameters]
sig_sinMHTphiMET_mean1 =  0.0065373 +/- 0.0098339 L(-0.85 - 0.85) 
sig_sinMHTphiMET_mean2 = -0.00207051 +/- 0.027058 L(-0.85 - 0.85) 
sig_sinMHTphiMET_sigma1 =  0.13022 +/- 0.015187 L(0.05 - 0.6) 
sig_sinMHTphiMET_sigma2 =  0.44955 +/- 0.053169 L(0.05 - 0.8) 
sig_sinMHTphiMET_f1 =  0.49445 +/- 0.071024 L(0.1 - 0.8) 
ttbarbkg_sinMHTphiMET_mean1 =  0.0000 +/- 0.10000 C L(-0.85 - 0.85) 
ttbarbkg_sinMHTphiMET_mean2 =  0.0000 +/- 0.10000 C L(-0.85 - 0.85) 
ttbarbkg_sinMHTphiMET_sigma1 =  0.20000 +/- 0.30000 C L(0.05 - 0.6) 
ttbarbkg_sinMHTphiMET_sigma2 =  0.40000 +/- 0.30000 C L(0.05 - 0.8) 
ttbarbkg_sinMHTphiMET_f1 =  0.60000 +/- 0.10000 C L(0.1 - 0.8) 
N_sig =  859.01 +/- 29.309 L(-100 - 10000) 
N_ttbarbkg =  0.0000 +/- 20.000 C L(-100 - 10000) 

   [Observables]
