
   [Parameters]
sig_Mass_mean =  91.602 +/- 0.45927 L(0 - 120) 
sig_Mass_sigmaL =  3.0391 +/- 0.42203 L(0 - 1000) 
sig_Mass_sigmaR =  1.7170 +/- 0.34606 L(0 - 1000) 
sig_Mass_alphaL =  0.16883 +/- 0.024011 L(0 - 1000) 
sig_Mass_alphaR =  0.23271 +/- 0.029268 L(0 - 1000) 
ttbarbkg_Mass_p1 =  1.0000 C L(-INF - +INF) 
ttbarbkg_Mass_p2 =  1.0000 C L(-INF - +INF) 
N_sig =  305.02 +/- 17.465 L(-100 - 10000) 
N_ttbarbkg =  0.0000 C L(-INF - +INF) 

   [Observables]
