
   [Parameters]
sig_Mass_mean =  91.968 +/- 1.1253 L(0 - 120) 
sig_Mass_sigmaL =  3.2967 +/- 1.0536 L(0 - 1000) 
sig_Mass_sigmaR =  1.6252 +/- 0.79753 L(0 - 1000) 
sig_Mass_alphaL =  0.16749 +/- 0.056976 L(0 - 1000) 
sig_Mass_alphaR =  0.23655 +/- 0.066304 L(0 - 1000) 
ttbarbkg_Mass_p1 =  1.0000 C L(-INF - +INF) 
ttbarbkg_Mass_p2 =  1.0000 C L(-INF - +INF) 
N_sig =  62.004 +/- 7.8745 L(-100 - 10000) 
N_ttbarbkg =  0.0000 C L(-INF - +INF) 

   [Observables]
