
   [Parameters]
sig_Mass_mean =  91.548 +/- 0.17973 L(0 - 120) 
sig_Mass_sigmaL =  2.9621 +/- 0.16606 L(0 - 1000) 
sig_Mass_sigmaR =  1.7166 +/- 0.13596 L(0 - 1000) 
sig_Mass_alphaL =  0.16614 +/- 0.0097342 L(0 - 1000) 
sig_Mass_alphaR =  0.22227 +/- 0.011787 L(0 - 1000) 
ttbarbkg_Mass_p1 =  1.0000 C L(-INF - +INF) 
ttbarbkg_Mass_p2 =  1.0000 C L(-INF - +INF) 
N_sig =  1727.9 +/- 41.567 L(-100 - 10000) 
N_ttbarbkg =  0.0000 +/- 20.000 C L(-100 - 10000) 

   [Observables]
