
   [Parameters]
sig_Mass_mean =  91.566 +/- 0.0077159 L(0 - 120) 
sig_Mass_sigmaL =  2.9686 +/- 0.034752 L(0 - 1000) 
sig_Mass_sigmaR =  1.7108 +/- 0.025041 L(0 - 1000) 
sig_Mass_alphaL =  0.16569 +/- 0.0026132 L(0 - 1000) 
sig_Mass_alphaR =  0.22324 +/- 0.0031212 L(0 - 1000) 
ttbarbkg_Mass_p1 =  1.0000 C L(-INF - +INF) 
ttbarbkg_Mass_p2 =  1.0000 C L(-INF - +INF) 
N_sig =  10000.0 +/- 0.50983 L(-100 - 10000) 
N_ttbarbkg =  0.0000 C L(-INF - +INF) 

   [Observables]
