
   [Parameters]
sig_sinMHTphiMET_mean1 =  0.030820 +/- 0.022315 L(-0.85 - 0.85) 
sig_sinMHTphiMET_mean2 = -0.316760 +/- 0.29634 L(-0.85 - 0.85) 
sig_sinMHTphiMET_sigma1 =  0.16903 +/- 0.021149 L(0.05 - 0.6) 
sig_sinMHTphiMET_sigma2 =  0.79999 +/- 0.74858 L(0.05 - 0.8) 
sig_sinMHTphiMET_f1 =  0.74290 +/- 0.074464 L(0.1 - 0.8) 
ttbarbkg_sinMHTphiMET_mean1 =  0.0000 +/- 0.10000 C L(-0.85 - 0.85) 
ttbarbkg_sinMHTphiMET_mean2 =  0.0000 +/- 0.10000 C L(-0.85 - 0.85) 
ttbarbkg_sinMHTphiMET_sigma1 =  0.20000 +/- 0.30000 C L(0.05 - 0.6) 
ttbarbkg_sinMHTphiMET_sigma2 =  0.40000 +/- 0.30000 C L(0.05 - 0.8) 
ttbarbkg_sinMHTphiMET_f1 =  0.60000 +/- 0.10000 C L(0.1 - 0.8) 
N_sig =  121.01 +/- 11.000 L(-100 - 10000) 
N_ttbarbkg =  0.0000 +/- 20.000 C L(-100 - 10000) 

   [Observables]
