
   [Parameters]
sig_sinMHTphiMET_mean1 =  0.0000 +/- 0.10000 C L(-0.85 - 0.85) 
sig_sinMHTphiMET_mean2 =  0.0000 +/- 0.10000 C L(-0.85 - 0.85) 
sig_sinMHTphiMET_sigma1 =  0.20000 +/- 0.30000 C L(0.05 - 0.6) 
sig_sinMHTphiMET_sigma2 =  0.40000 +/- 0.30000 C L(0.05 - 0.8) 
sig_sinMHTphiMET_f1 =  0.60000 +/- 0.10000 C L(0.1 - 0.8) 
ttbarbkg_sinMHTphiMET_p1 = -0.0276432 +/- 0.064792 L(-10 - 10) 
ttbarbkg_sinMHTphiMET_p2 =  0.0000 +/- 0.10000 C L(-10 - 10) 
N_sig =  0.0000 C L(-10 - 100000) 
N_ttbarbkg =  1009.9 +/- 31.772 L(0 - 2000) 

   [Observables]
