
   [Parameters]
sig_Mass_mean =  88.049 +/- 2.4976 L(0 - 120) 
sig_Mass_sigmaL =  1.5909 +/- 1.2400 L(0 - 1000) 
sig_Mass_sigmaR =  5.1785 +/- 1.4296 L(0 - 1000) 
sig_Mass_alphaL =  0.26134 +/- 0.043774 L(0 - 1000) 
sig_Mass_alphaR =  0.0000017898 +/- 0.69843 L(0 - 1000) 
ttbarbkg_Mass_p1 =  1.0000 C L(-INF - +INF) 
ttbarbkg_Mass_p2 =  1.0000 C L(-INF - +INF) 
N_sig =  81.977 +/- 9.0530 L(-100 - 10000) 
N_ttbarbkg =  0.0000 +/- 20.000 C L(-100 - 10000) 

   [Observables]
