
   [Parameters]
sig_sinMHTphiMET_mean1 =  0.000024308 +/- 0.0025749 L(-0.85 - 0.85) 
sig_sinMHTphiMET_mean2 =  0.013057 +/- 0.0086398 L(-0.85 - 0.85) 
sig_sinMHTphiMET_sigma1 =  0.12141 +/- 0.0037740 L(0.05 - 0.6) 
sig_sinMHTphiMET_sigma2 =  0.34069 +/- 0.012975 L(0.05 - 0.8) 
sig_sinMHTphiMET_f1 =  0.66037 +/- 0.025576 L(0.1 - 0.8) 
ttbarbkg_sinMHTphiMET_mean1 =  0.0000 +/- 0.10000 C L(-0.85 - 0.85) 
ttbarbkg_sinMHTphiMET_mean2 =  0.0000 +/- 0.10000 C L(-0.85 - 0.85) 
ttbarbkg_sinMHTphiMET_sigma1 =  0.20000 +/- 0.30000 C L(0.05 - 0.6) 
ttbarbkg_sinMHTphiMET_sigma2 =  0.40000 +/- 0.30000 C L(0.05 - 0.8) 
ttbarbkg_sinMHTphiMET_f1 =  0.60000 +/- 0.10000 C L(0.1 - 0.8) 
N_sig =  6363.0 +/- 79.766 L(-100 - 10000) 
N_ttbarbkg =  0.0000 +/- 20.000 C L(-100 - 10000) 

   [Observables]
