
   [Parameters]
sig_Mass_mean =  91.331 +/- 0.091069 C L(0 - 120) 
sig_Mass_sigmaL =  2.6757 +/- 0.079710 C L(0 - 1000) 
sig_Mass_sigmaR =  1.6640 +/- 0.069035 C L(0 - 1000) 
sig_Mass_alphaL =  0.20323 +/- 0.0044446 C L(0 - 1000) 
sig_Mass_alphaR =  0.22225 +/- 0.0059461 C L(0 - 1000) 
bkg_Mass_p1 =  10.648 +/- 36.140 L(-100 - 100) 
bkg_Mass_p2 = -0.0628751 +/- 0.21863 L(-100 - 100) 
sig_sinMHTphiMET_mean = -0.000772644 +/- 0.0055231 C L(-0.85 - 0.85) 
sig_sinMHTphiMET_sigmaL =  0.12218 +/- 0.0048144 C L(0.05 - 0.6) 
sig_sinMHTphiMET_sigmaR =  0.12339 +/- 0.0048085 C L(-0.85 - 0.85) 
sig_sinMHTphiMET_alphaL =  0.19207 +/- 0.0085292 C L(0.05 - 0.8) 
sig_sinMHTphiMET_alphaR =  0.20228 +/- 0.0084483 C L(0.1 - 0.8) 
bkg_sinMHTphiMET_p1 =  0.052668 +/- 0.19049 L(-100 - 100) 
bkg_sinMHTphiMET_p2 =  0.0000 +/- 0.30000 C L(-100 - 100) 
N_bkg =  116.02 +/- 10.772 L(-100 - 10000) 
N_sig =  0.0000 +/- 79.684 C L(-100 - 10000) 

   [Observables]
