
   [Parameters]

sig_Mass_mean =  91.331 +/- 0.091069 L(0 - 120) 
sig_Mass_sigmaL =  2.6757 +/- 0.079710 L(0 - 1000) 
sig_Mass_sigmaR =  1.6640 +/- 0.069035 L(0 - 1000) 
sig_Mass_alphaL =  0.20323 +/- 0.0044446 L(0 - 1000) 
sig_Mass_alphaR =  0.22225 +/- 0.0059461 L(0 - 1000) 

bkg_Mass_p1 =  0.0000 +/- 30.000 C L(-10 - 10) 
bkg_Mass_p2 =  0.0000 +/- 30.000 C L(-10 - 10) 

sig_sinMHTphiMET_mean = -0.000772644 +/- 0.0055231 L(-0.85 - 0.85) 
sig_sinMHTphiMET_sigmaL =  0.12218 +/- 0.0048144 L(0.05 - 0.6) 
sig_sinMHTphiMET_sigmaR =  0.12339 +/- 0.0048085 L(-0.85 - 0.85) 
sig_sinMHTphiMET_alphaL =  0.19207 +/- 0.0085292 L(0.05 - 0.8) 
sig_sinMHTphiMET_alphaR =  0.20228 +/- 0.0084483 L(0.1 - 0.8) 

bkg_sinMHTphiMET_p1 =  0.0000 +/- 0.10000 C L(-10 - 10) 
bkg_sinMHTphiMET_p2 =  0.20000 +/- 0.30000 C L(-10 - 10) 

N_sig =  6350.0 +/- 79.684 L(-100 - 10000) 
N_bkg =  0.0000 +/- 20.000 C L(-100 - 10000) 

   [Observables]

mass =  90 C L(60 - 110)      // [GeV]
sinMHTphiMET = 0 C L(-0.85 - 0.85)
