   [Parameters]

sig_Mass_mean =  65.350 +/- 0.026640 C L(50 - 100) 
sig_Mass_sigma0 =  32.841 +/- 0.053416 C L(1 - 100) 
sig_Mass_sigma1 =  8.5362 +/- 0.030299 C L(1 - 100) 
sig_Mass_alpha = -0.149576 +/- 0.0013905 C L(-10 - 0) 
sig_Mass_N =  107.19 +/- 0.16610 C L(0 - 300) 
sig_Mass_f1 =  0.54003 +/- 0.00057578 C L(0 - 1) 

zeeBkg_Mass_mean =  50.000 +/- 0.0061876 C L(50 - 100) 
zeeBkg_Mass_sigma0 =  80.932 +/- 0.86937 C L(1 - 100) 
zeeBkg_Mass_sigma1 =  1.2182 +/- 0.10034 C L(1 - 100) 
zeeBkg_Mass_alpha = -0.0232169 +/- 0.0046911 C L(-10 - 0) 
zeeBkg_Mass_N =  4.9819 +/- 0.84795 C L(0 - 300) 
zeeBkg_Mass_f1 =  0.45362 +/- 0.011059 C L(0 - 1) 

ttbarBkg_Mass_mean =  74.013 +/- 0.60647 C L(50 - 100) 
ttbarBkg_Mass_sigma0 =  8.0241 +/- 2.2368 C L(1 - 100) 
ttbarBkg_Mass_sigma1 =  26.396 +/- 1.2514 C L(1 - 100) 
ttbarBkg_Mass_alpha = -0.784962 +/- 0.052768 C L(-10 - 0) 
ttbarBkg_Mass_N =  10.655 +/- 3.4548 C L(0 - 300) 
ttbarBkg_Mass_f1 =  0.036222 +/- 0.020003 C L(0 - 1) 

// QCD parameters from 2 jets (no sufficient stat in MC 3jets)
qcdBkg_Mass_mean =  66.437 +/- 2.7558 C L(50 - 100)
qcdBkg_Mass_sigma0 =  42.578 +/- 8.6030 C L(1 - 100)
qcdBkg_Mass_sigma1 =  21.236 +/- 5.7738 C L(1 - 100)
qcdBkg_Mass_alpha = -0.652052 +/- 0.24954 C L(-10 - 0)
qcdBkg_Mass_N =  125.25 +/- 191.97 C L(0 - 300)
qcdBkg_Mass_f1 =  0.42630 +/- 0.23338 C L(0 - 1)

# in sig only W->enu prompt considered
N_sig =  327 L(-1000 - 1e+06)
N_zeeBkg =  63   L(-1000 - 10000)
N_ttbarBkg = 605  L(-1000 - 10000)
N_qcdBkg =  61   L(-1000 - 10000)

   [Observables]

transvMass =  90 C L(30 - 250)      // [GeV]

