   [Parameters]   

sig_Mass_mean =  69.786 +/- 0.93664 C L(50 - 100) 
sig_Mass_sigma0 =  23.632 +/- 1.0855 C L(1 - 100) 
sig_Mass_sigma1 =  8.5708 +/- 1.6219 C L(1 - 100) 
sig_Mass_alpha = -0.209815 +/- 0.046010 C L(-10 - 0) 
sig_Mass_N =  87.836 +/- 191.56 C L(0 - 300) 
sig_Mass_f1 =  0.54133 +/- 0.041392 C L(0 - 1) 

zeeBkg_Mass_mean =  66.032 +/- 7.3491 C L(50 - 100) 
zeeBkg_Mass_sigma0 =  45.517 +/- 19.470 C L(1 - 100) 
zeeBkg_Mass_sigma1 =  25.741 +/- 17.687 C L(1 - 100) 
zeeBkg_Mass_alpha = -0.568417 +/- 0.61462 C L(-10 - 0) 
zeeBkg_Mass_N =  122.93 +/- 154.60 C L(0 - 300) 
zeeBkg_Mass_f1 =  0.26680 +/- 0.62346 C L(0 - 1) 

ttbarBkg_Mass_mean =  73.946 +/- 1.3525 C L(50 - 100) 
ttbarBkg_Mass_sigma0 =  15.273 +/- 4.8952 C L(1 - 100) 
ttbarBkg_Mass_sigma1 =  44.154 +/- 12.610 C L(1 - 100) 
ttbarBkg_Mass_alpha = -1.25056 +/- 0.40869 C L(-10 - 0) 
ttbarBkg_Mass_N =  7.3269 +/- 9.3149 C L(0 - 300) 
ttbarBkg_Mass_f1 =  0.25423 +/- 0.17183 C L(0 - 1) 

qcdBkg_Mass_p1 =  66.732 +/- 101.55 C L(-100 - 100) 
qcdBkg_Mass_p2 =  0.0000 C L(-100 - 100) 

# in sig only W->enu prompt considered
N_sig =  2957 L(-1000 - 1e+06)
N_zeeBkg =  441   L(-1000 - 10000)
N_ttbarBkg = 1155  L(-1000 - 10000)
N_qcdBkg =  0  C L(-1000 - 10000)

   [Observables]

transvMass =  90 C L(30 - 250)      // [GeV]
CSA07weight  = 0.001 C L(0. - 100.)
