   [Parameters]

sig_Mass_mean =  69.529 +/- 0.24720 C L(50 - 100)
sig_Mass_sigma0 =  23.758 +/- 0.42890 C L(1 - 100)
sig_Mass_sigma1 =  7.1026 +/- 0.26400 C L(1 - 100)
sig_Mass_alpha = -0.221158 +/- 0.0092729 C L(-10 - 0)
sig_Mass_N =  99.994 +/- 28.291 C L(0 - 300)
sig_Mass_f1 =  0.52415 +/- 0.011326 C L(0 - 1)

zeeBkg_Mass_mean =  71.071 +/- 1.2389 C L(50 - 100) 
zeeBkg_Mass_sigma0 =  50.424 +/- 2.1704 C L(1 - 100) 
zeeBkg_Mass_sigma1 =  18.677 +/- 3.5397 C L(1 - 100) 
zeeBkg_Mass_alpha = -0.864392 +/- 0.25777 C L(-10 - 0) 
zeeBkg_Mass_N =  2.7730 +/- 1.7174 C L(0 - 300) 
zeeBkg_Mass_f1 =  0.60257 +/- 0.11355 C L(0 - 1) 

ttbarBkg_Mass_mean =  74.198 +/- 0.34386 C L(50 - 100) 
ttbarBkg_Mass_sigma0 =  7.0728 +/- 1.5646 C L(1 - 100) 
ttbarBkg_Mass_sigma1 =  24.612 +/- 0.51154 C L(1 - 100) 
ttbarBkg_Mass_alpha = -0.660571 +/- 0.020986 C L(-10 - 0) 
ttbarBkg_Mass_N =  21.443 +/- 6.6161 C L(0 - 300) 
ttbarBkg_Mass_f1 =  0.022185 +/- 0.0084397 C L(0 - 1) 

qcdBkg_Mass_mean =  80.519 +/- 2.1905 C L(50 - 100) 
qcdBkg_Mass_sigma0 =  36.137 +/- 1.8381 C L(1 - 100) 
qcdBkg_Mass_sigma1 =  9.0485 +/- 3.4336 C L(1 - 100) 
qcdBkg_Mass_alpha = -0.215165 +/- 0.083968 C L(-10 - 0) 
qcdBkg_Mass_N =  93.234 +/- 183.89 C L(0 - 300) 
qcdBkg_Mass_f1 =  0.79925 +/- 0.052442 C L(0 - 1) 

# in sig only W->enu prompt considered
N_sig =  17704 L(-1000 - 1e+06)
N_zeeBkg =  1532   L(-1000 - 10000)
N_ttbarBkg = 2048  L(-1000 - 10000)
N_qcdBkg =  651   L(-1000 - 10000)

   [Observables]

transvMass =  90 C L(30 - 250)      // [GeV]

