   [Parameters]   

sig_Mass_mean =  75.242 +/- 2.0785 C L(0 - 300) 
sig_Mass_sigmaL =  13.590 +/- 1.9437 C L(1 - 100) 
sig_Mass_sigmaR =  44.614 +/- 2.0650 C L(1 - 100) 
sig_Mass_alphaL =  0.27648 +/- 0.047949 C L(0 - 100) 
sig_Mass_alphaR =  0.15348 +/- 0.014148 C L(0 - 100) 

zeeBkg_Mass_mean1 =  68.986 +/- 6.9736 C L(0 - 300) 
zeeBkg_Mass_sigmaL1 =  18.525 +/- 6.7428 C L(1 - 100) 
zeeBkg_Mass_sigmaR1 =  53.416 +/- 9.4600 C L(1 - 100) 
zeeBkg_Mass_alphaL1 =  0.0000 C L(0 - 1) 
zeeBkg_Mass_alphaR1 =  0.14865 +/- 0.092700 C L(0 - 1) 
zeeBkg_Mass_mean2 =  21.254 +/- 5.3933 C L(0 - 300) 
zeeBkg_Mass_sigmaL2 =  10.000 +/- 6.2233 C L(10 - 100) 
zeeBkg_Mass_sigmaR2 =  99.939 +/- 74.728 C L(10 - 100) 
zeeBkg_Mass_alphaL2 =  0.0000 C L(0 - 1) 
zeeBkg_Mass_alphaR2 =  0.000074298 +/- 0.53905 C L(0 - 1) 
zeeBkg_Mass_f1 =  0.78447 +/- 0.12772 C L(0 - 1) 

ttbarBkg_Mass_mean =  79.081 +/- 3.8672 C L(0 - 300) 
ttbarBkg_Mass_sigmaL =  24.846 +/- 4.4193 C L(1 - 100) 
ttbarBkg_Mass_sigmaR =  39.365 +/- 4.0328 C L(1 - 100) 
ttbarBkg_Mass_alphaL =  0.13775 +/- 0.088196 C L(0 - 100) 
ttbarBkg_Mass_alphaR =  0.22165 +/- 0.035889 C L(0 - 100) 

qcdBkg_Mass_p1 =  66.732 +/- 101.55 C L(-100 - 100) 
qcdBkg_Mass_p2 =  0.0000 C L(-100 - 100) 

N_sig =  3334 L(-1000 - 1e+06)
N_zeeBkg =  508   L(-1000 - 10000)
N_ttbarBkg = 1213  L(-1000 - 10000)
N_qcdBkg =  0  C L(-1000 - 10000)

   [Observables]

transvMass =  90 C L(0 - 250)      // [GeV]
CSA07weight  = 0.001 C L(0. - 100.)
