
   [Parameters]

sig_PfMt_mean1 =  76.950 +/- 0.0042462 C L(50 - 100) 
sig_PfMt_sigmaL1 =  15.670 +/- 0.43141 C L(0 - 100) 
sig_PfMt_sigmaR1 =  6.9504 +/- 0.18890 C L(0 - 30) 
sig_PfMt_alphaL1 =  0.24120 +/- 0.015708 C L(0.01 - 1) 
sig_PfMt_alphaR1 =  0.13886 +/- 0.0079780 C L(0 - 100) 
sig_PfMt_mean2 =  54.723 +/- 4.2685 C L(30 - 55) 
sig_PfMt_sigmaL2 =  12.685 +/- 2.2811 C L(0 - 100) 
sig_PfMt_sigmaR2 =  22.895 +/- 2.3350 C L(0 - 30) 
sig_PfMt_alphaL2 =  0.010639 +/- 0.79379 C L(0.01 - 1) 
sig_PfMt_alphaR2 =  0.0039030 +/- 0.22287 C L(0 - 100) 
sig_PfMt_f1 =  0.90057 +/- 0.029681 C L(0 - 1) 

qcd_PfMt_mean1 =  20.205 +/- 2.5326 C L(10 - 100) 
qcd_PfMt_mean2 =  19.935 +/- 15.742 C L(10 - 100) 
qcd_PfMt_sigma1 =  12.491 +/- 1.5166 C L(0 - 100) 
qcd_PfMt_sigma2 =  30.000 +/- 19.622 C L(0 - 30) 
qcd_PfMt_f1 =  0.88653 +/- 0.071721 C L(0 - 1) 

other_PfMt_mean1 =  75.848 +/- 34.572 C L(50 - 100) 
other_PfMt_sigmaL1 =  19.233 +/- 37.859 C L(5 - 50) 
other_PfMt_sigmaR1 =  10.476 +/- 38.036 C L(5 - 50) 
other_PfMt_alphaL1 =  0.50000 +/- 0.31588 C L(0.1 - 0.5) 
other_PfMt_alphaR1 =  0.20273 +/- 0.39759 C L(0 - 0.5) 
other_PfMt_mean2 =  57.075 +/- 36.549 C L(30 - 80) 
other_PfMt_sigmaL2 =  40.944 +/- 33.363 C L(10 - 60) 
other_PfMt_sigmaR2 =  42.271 +/- 25.562 C L(10 - 60) 
other_PfMt_alphaL2 =  0.50000 +/- 0.24210 C L(0.1 - 0.5) 
other_PfMt_alphaR2 =  0.066333 +/- 0.34271 C L(0 - 0.5) 
other_PfMt_f1 =  0.75937 +/- 0.61699 C L(0 - 1) 

sig_sinMHTphiJet_mean = -0.00145401 +/- 0.0036568  C L(-1 - 1) 
sig_sinMHTphiJet_sigmaL =  0.16760 +/- 0.0036025  C L(0 - 100) 
sig_sinMHTphiJet_sigmaR =  0.16539 +/- 0.0036610  C L(0 - 100) 
sig_sinMHTphiJet_alphaL =  0.32843 +/- 0.0065139  C L(0 - 1) 
sig_sinMHTphiJet_alphaR =  0.34309 +/- 0.0066123  C L(0 - 1) 

ttbar_sinMHTphiJet_mean = -0.0274854 +/- 0.0022239  C L(-1 - 1) 
ttbar_sinMHTphiJet_sigmaL =  0.40915 +/- 0.0053134  C L(0 - 100) 
ttbar_sinMHTphiJet_sigmaR =  0.48916 +/- 0.0056623  C L(0 - 100) 
ttbar_sinMHTphiJet_alphaL =  2.3309 +/- 0.030463  C L(0 - 100) 
ttbar_sinMHTphiJet_alphaR =  2.1507 +/- 0.030393  C L(0 - 100) 

other_sinMHTphiJet_mean =  0.025149 +/- 0.013523  C L(0 - 10) 
other_sinMHTphiJet_sigmaL =  0.26800 +/- 0.017541  C L(0 - 10) 
other_sinMHTphiJet_sigmaR =  0.20108 +/- 0.015962  C L(0 - 10) 
other_sinMHTphiJet_alphaL =  0.36094 +/- 0.036857  C L(0 - 1) 
other_sinMHTphiJet_alphaR =  0.47930 +/- 0.033371  C L(0 - 1) 

N_sig = 119  +/- 0.0  L(-100 - 900000)

# QCD + gamma+jet + Wother + Z+jets
N_qcd =  378 +/- 50.000  L(-500 - 10000)


# ttbar + single top
N_other =  2 +/- 20.855 C L(-500 - 10000)


   [Observables]

pfmt           = 90 C L(20 - 150)      // [GeV]
