   [Parameters]

sig_Mass_mean =  81.548 +/- 8.0722 C L(0 - 300) 
sig_Mass_sigmaL =  18.573 +/- 8.3472 C L(1 - 100) 
sig_Mass_sigmaR =  46.498 +/- 6.6351 C L(1 - 100) 
sig_Mass_alphaL =  0.26208 +/- 0.18024 C L(0 - 100) 
sig_Mass_alphaR =  0.19295 +/- 0.043421 C L(0 - 100) 

zeeBkg_Mass_mean1 =  69.620 +/- 2.3183 C L(0 - 300) 
zeeBkg_Mass_sigmaL1 =  17.672 +/- 0.71624 C L(1 - 100) 
zeeBkg_Mass_sigmaR1 =  45.048 +/- 0.95418 C L(1 - 100) 
zeeBkg_Mass_alphaL1 =  0.0000 C L(0 - 1) 
zeeBkg_Mass_alphaR1 =  0.23565 +/- 0.0082534 C L(0 - 1) 
zeeBkg_Mass_mean2 =  34.708 +/- 1.8277 C L(0 - 300) 
zeeBkg_Mass_sigmaL2 =  17.791 +/- 0.49207 C L(10 - 100) 
zeeBkg_Mass_sigmaR2 =  84.679 +/- 0.65898 C L(10 - 100) 
zeeBkg_Mass_alphaL2 =  0.0000 C L(0 - 1) 
zeeBkg_Mass_alphaR2 =  0.75753 +/- 0.0083500 C L(0 - 1) 
zeeBkg_Mass_f1 =  0.58082 +/- 0.0095905 C L(0 - 1) 

ttbarBkg_Mass_mean =  79.663 +/- 5.2940 C L(0 - 300) 
ttbarBkg_Mass_sigmaL =  26.532 +/- 6.1605 C L(1 - 100) 
ttbarBkg_Mass_sigmaR =  38.404 +/- 5.5662 C L(1 - 100) 
ttbarBkg_Mass_alphaL =  0.10348 +/- 0.12687 C L(0 - 100) 
ttbarBkg_Mass_alphaR =  0.22893 +/- 0.050071 C L(0 - 100) 

// QCD parameters from 2 jets (no sufficient stat in MC 3jets)
qcdBkg_Mass_p1 =  66.732 +/- 101.55 C L(-100 - 100) 
qcdBkg_Mass_p2 =  0.0000 C L(-100 - 100) 

N_sig =  564 L(-1000 - 1e+06)
N_zeeBkg =  109   L(-1000 - 10000)
N_ttbarBkg = 586  L(-1000 - 10000)
N_qcdBkg =  0  C L(-1000 - 10000)

   [Observables]

transvMass =  90 C L(0 - 250)      // [GeV]
CSA07weight  = 0.001 C L(0. - 100.)

