   [Parameters]

sig_Mass_mean =  76.148 +/- 0.72681 C L(30 - 300)
sig_Mass_sigmaL =  13.176 +/- 0.74764 C L(1 - 100)
sig_Mass_sigmaR =  41.213 +/- 0.68636 C L(1 - 100)
sig_Mass_alphaL =  0.27171 +/- 0.023835 C L(0 - 100)
sig_Mass_alphaR =  0.12107 +/- 0.0050006 C L(0 - 100)

zeeBkg_Mass_mean =  66.389 +/- 0.27573 C L(30 - 300) 
zeeBkg_Mass_sigmaL =  22.317 +/- 0.0024973 C L(1 - 100) 
zeeBkg_Mass_sigmaR =  46.047 +/- 0.31611 C L(1 - 100) 
zeeBkg_Mass_alphaL =  0.0000 C L(0 - 1) 
zeeBkg_Mass_alphaR =  0.14888 +/- 0.00012536 C L(0 - 1) 

ttbarBkg_Mass_mean =  73.610 +/- 4.6021 C L(30 - 300) 
ttbarBkg_Mass_sigmaL =  15.716 +/- 5.5035 C L(1 - 100) 
ttbarBkg_Mass_sigmaR =  45.627 +/- 3.8285 C L(1 - 100) 
ttbarBkg_Mass_alphaL =  0.45800 +/- 0.20021 C L(0 - 100) 
ttbarBkg_Mass_alphaR =  0.17795 +/- 0.023261 C L(0 - 100) 

qcdBkg_Mass_p1 = -0.00606051 +/- 0.00019706 C L(-100 - 100)
qcdBkg_Mass_p2 =  0.0000 C L(-100 - 100)

# in sig only W->enu prompt considered
N_sig =  18627 L(-1000 - 1e+06)
N_zeeBkg =  1892   L(-1000 - 10000)
N_ttbarBkg = 1610  L(-1000 - 10000)
N_qcdBkg =  0  C L(-1000 - 10000)

   [Observables]

transvMass =  90 C L(30 - 250)      // [GeV]
CSA07weight  = 0.001 C L(0. - 100.)
