   [Parameters]   

sig_Mass_mean =  68.986 +/- 0.75615 C L(50 - 100)
sig_Mass_sigma0 =  24.532 +/- 1.1192 C L(1 - 100)
sig_Mass_sigma1 =  9.6814 +/- 1.1441 C L(1 - 100)
sig_Mass_alpha = -0.233473 +/- 0.037268 C L(-10 - 0)
sig_Mass_N =  102.20 +/- 174.29 C L(0 - 300)
sig_Mass_f1 =  0.45998 +/- 0.034360 C L(0 - 1)

sig_MHTphiJet_mean1 =  0.00072399 +/- 0.0080081 C L(-0.85 - 0.85) 
sig_MHTphiJet_mean2 =  0.0055674 +/- 0.024885 C L(-0.85 - 0.85) 
sig_MHTphiJet_sigma1 =  0.16089 +/- 0.013110 C L(0.05 - 0.6) 
sig_MHTphiJet_sigma2 =  0.63513 +/- 0.076466 C L(0.05 - 0.8) 
sig_MHTphiJet_f1 =  0.40949 +/- 0.047086 C L(0.1 - 0.8) 

zeeBkg_Mass_mean =  63.731 +/- 5.2614 C L(50 - 100)
zeeBkg_Mass_sigma0 =  55.835 +/- 4.5539 C L(1 - 100)
zeeBkg_Mass_sigma1 =  10.395 +/- 5.7205 C L(1 - 100)
zeeBkg_Mass_alpha = -0.296346 +/- 0.32877 C L(-10 - 0)
zeeBkg_Mass_N =  2.5134 +/- 3.0465 C L(0 - 300)
zeeBkg_Mass_f1 =  0.69332 +/- 0.10166 C L(0 - 1)

zeeBkg_MHTphiJet_mean1 =  0.037557 +/- 0.018833 C L(-0.85 - 0.85) 
zeeBkg_MHTphiJet_mean2 = -0.0627938 +/- 0.064440 C L(-0.85 - 0.85) 
zeeBkg_MHTphiJet_sigma1 =  0.11776 +/- 0.022804 C L(0.05 - 0.6) 
zeeBkg_MHTphiJet_sigma2 =  0.60575 +/- 0.11617 C L(0.05 - 0.8) 
zeeBkg_MHTphiJet_f1 =  0.32179 +/- 0.071997 C L(0.1 - 0.8) 

ttbarBkg_Mass_mean =  73.722 +/- 0.38279 C L(50 - 100) 
ttbarBkg_Mass_sigma0 =  7.5480 +/- 1.4055 C L(1 - 100) 
ttbarBkg_Mass_sigma1 =  24.818 +/- 0.65232 C L(1 - 100) 
ttbarBkg_Mass_alpha = -0.715132 +/- 0.027436 C L(-10 - 0) 
ttbarBkg_Mass_N =  13.347 +/- 3.1666 C L(0 - 300) 
ttbarBkg_Mass_f1 =  0.032520 +/- 0.011408 C L(0 - 1) 

ttbarBkg_MHTphiJet_mean1 = -0.00561453 +/- 0.0086519 C L(-0.85 - 0.85) 
ttbarBkg_MHTphiJet_mean2 = -0.0328178 +/- 0.028084 C L(-0.85 - 0.85) 
ttbarBkg_MHTphiJet_sigma1 =  0.23239 +/- 0.010921 C L(0.05 - 0.6) 
ttbarBkg_MHTphiJet_sigma2 =  0.79953 +/- 0.076082 C L(0.05 - 0.8) 
ttbarBkg_MHTphiJet_f1 =  0.41415 +/- 0.029373 C L(0.1 - 0.8) 

qcdBkg_Mass_mean =  66.437 +/- 2.7558 C L(50 - 100) 
qcdBkg_Mass_sigma0 =  42.578 +/- 8.6030 C L(1 - 100) 
qcdBkg_Mass_sigma1 =  21.236 +/- 5.7738 C L(1 - 100) 
qcdBkg_Mass_alpha = -0.652052 +/- 0.24954 C L(-10 - 0) 
qcdBkg_Mass_N =  125.25 +/- 191.97 C L(0 - 300) 
qcdBkg_Mass_f1 =  0.42630 +/- 0.23338 C L(0 - 1) 

qcdBkg_MHTphiJet_p1 =  0.14229 +/- 0.35832 C L(-10 - 10) 
qcdBkg_MHTphiJet_p2 =  0.0000 +/- 0.10000 C L(-10 - 10) 

# in sig only W->enu prompt considered
N_sig =  5919 L(-1000 - 1e+06)
N_zeeBkg =  424   L(-1000 - 10000)
N_ttbarBkg = 380  L(-1000 - 10000)
N_qcdBkg =  294   L(-1000 - 10000)

   [Observables]

transvMass =  90 C L(30 - 250)      // [GeV]
sinMHTphiJet = 0 C L(-0.85 - 0.85)
