
   [Parameters]

sig_Mt_mean =  73.677 +/- 1.6912  C L(10 - 100) 
sig_Mt_sigma =  16.852 +/- 3.4646  C L(10 - 100) 
sig_Mt_alpha =  0.53129 +/- 0.20198  C L(0 - 10) 
sig_Mt_alphaCB =  0.59135 +/- 0.14679  C L(0 - 10) 
sig_Mt_nCB =  6.0105 +/- 3.5225  C L(0.2 - 1000) 

ttbar_Mt_mean =  69.776 +/- 0.49309  C L(10 - 100) 
ttbar_Mt_sigma =  20.289 +/- 1.6188  C L(10 - 100) 
ttbar_Mt_alpha =  0.35620 +/- 0.093304  C L(0 - 10) 
ttbar_Mt_alphaCB =  0.67159 +/- 0.061049  C L(0 - 10) 
ttbar_Mt_nCB =  14.859 +/- 11.321  C L(0.2 - 15) 

other_Mt_mean =  67.900 +/- 6.3012  C L(10 - 100) 
other_Mt_sigma =  10.001 +/- 14.496  C L(10 - 100) 
other_Mt_alpha =  4.5180 +/- 7.2310  C L(0 - 10) 
other_Mt_alphaCB =  0.27277 +/- 0.16116  C L(0 - 10) 
other_Mt_nCB =  2.3226 +/- 2.4297  C L(0.2 - 15) 

sig_sinMHTphiJet_mean =  0.070685 +/- 0.037470  C L(-1 - 1) 
sig_sinMHTphiJet_sigmaL =  0.24843 +/- 0.045984  C L(0 - 100) 
sig_sinMHTphiJet_sigmaR =  0.15180 +/- 0.037641  C L(0 - 100) 
sig_sinMHTphiJet_alphaL =  0.37523 +/- 0.083889  C L(0 - 1) 
sig_sinMHTphiJet_alphaR =  0.46532 +/- 0.075524  C L(0 - 1) 

ttbar_sinMHTphiJet_mean = -0.00505826 +/- 0.012296  C L(-1 - 1) 
ttbar_sinMHTphiJet_sigmaL =  0.22791 +/- 0.015234  C L(0 - 100) 
ttbar_sinMHTphiJet_sigmaR =  0.23729 +/- 0.015241  C L(0 - 100) 
ttbar_sinMHTphiJet_alphaL =  0.56310 +/- 0.032220  C L(0 - 100) 
ttbar_sinMHTphiJet_alphaR =  0.51057 +/- 0.031629  C L(0 - 100) 

other_sinMHTphiJet_mean =  0.033638 +/- 0.047780  C L(0 - 10) 
other_sinMHTphiJet_sigmaL =  0.11945 +/- 0.052528  C L(0 - 10) 
other_sinMHTphiJet_sigmaR =  0.084636 +/- 0.045384  C L(0 - 10) 
other_sinMHTphiJet_alphaL =  0.53000 +/- 0.10222  C L(0 - 1) 
other_sinMHTphiJet_alphaR =  0.59972 +/- 0.10858  C L(0 - 1) 

bveto_acc_p1 =  1.0000 C L(-2 - 2)
bveto_acc_p2 =  0.0000 C L(-2 - 2)
bveto_rej_p1 = -1.000000 C L(-2 - 2)
bveto_rej_p2 =  0.0000 C L(-2 - 2)

N_sig =  389 +/- 220.00  L(-100 - 900000)
eff_sig =  0.739 +/- 0.0022246  C L(0 - 1)

N_ttbar =  520 +/- 50.000  L(-500 - 10000)
eff_ttbar = 0.320  +/- 0.0010562  C L(0 - 1)

N_other =  105 +/- 20.855 L(-500 - 10000)
eff_other =  0.581 +/- 0.0013478 C L(0 - 1)

   [Observables]

Mt             = 90 C L(30 - 250)      // [GeV]
sinMHTphiJet   = 0  C L(-1.0 - 1.0)
BVETO          = 1  C L(-1 - 1)
