   [Parameters]

sig_Mass_mean =  69.529 +/- 0.24720 C L(50 - 100)
sig_Mass_sigma0 =  23.758 +/- 0.42890 C L(1 - 100)
sig_Mass_sigma1 =  7.1026 +/- 0.26400 C L(1 - 100)
sig_Mass_alpha = -0.221158 +/- 0.0092729 C L(-10 - 0)
sig_Mass_N =  99.994 +/- 28.291 C L(0 - 300)
sig_Mass_f1 =  0.52415 +/- 0.011326 C L(0 - 1)

sig_MHTphiJet_mean1 = -0.000241667 +/- 0.0020839 C L(-0.85 - 0.85) 
sig_MHTphiJet_mean2 =  0.0018220 +/- 0.0059011 C L(-0.85 - 0.85) 
sig_MHTphiJet_sigma1 =  0.16571 +/- 0.0035320 C L(0.05 - 0.6) 
sig_MHTphiJet_sigma2 =  0.47776 +/- 0.015184 C L(0.05 - 0.8) 
sig_MHTphiJet_f1 =  0.54871 +/- 0.018452 C L(0.1 - 0.8) 

zeeBkg_Mass_mean =  71.071 +/- 1.2389 C L(50 - 100) 
zeeBkg_Mass_sigma0 =  50.424 +/- 2.1704 C L(1 - 100) 
zeeBkg_Mass_sigma1 =  18.677 +/- 3.5397 C L(1 - 100) 
zeeBkg_Mass_alpha = -0.864392 +/- 0.25777 C L(-10 - 0) 
zeeBkg_Mass_N =  2.7730 +/- 1.7174 C L(0 - 300) 
zeeBkg_Mass_f1 =  0.60257 +/- 0.11355 C L(0 - 1) 

zeeBkg_MHTphiJet_mean1 = -0.0139691 +/- 0.0087702 C L(-0.85 - 0.85) 
zeeBkg_MHTphiJet_mean2 =  0.091169 +/- 0.080489 C L(-0.85 - 0.85) 
zeeBkg_MHTphiJet_sigma1 =  0.21776 +/- 0.011706 C L(0.05 - 0.6) 
zeeBkg_MHTphiJet_sigma2 =  0.79994 +/- 0.60103 C L(0.05 - 0.8) 
zeeBkg_MHTphiJet_f1 =  0.63973 +/- 0.048870 C L(0.1 - 0.8) 

ttbarBkg_Mass_mean =  74.198 +/- 0.34386 C L(50 - 100) 
ttbarBkg_Mass_sigma0 =  7.0728 +/- 1.5646 C L(1 - 100) 
ttbarBkg_Mass_sigma1 =  24.612 +/- 0.51154 C L(1 - 100) 
ttbarBkg_Mass_alpha = -0.660571 +/- 0.020986 C L(-10 - 0) 
ttbarBkg_Mass_N =  21.443 +/- 6.6161 C L(0 - 300) 
ttbarBkg_Mass_f1 =  0.022185 +/- 0.0084397 C L(0 - 1) 

ttbarBkg_MHTphiJet_mean1 =  0.0013116 +/- 0.0082988 C L(-0.85 - 0.85) 
ttbarBkg_MHTphiJet_mean2 = -0.00628472 +/- 0.018015 C L(-0.85 - 0.85) 
ttbarBkg_MHTphiJet_sigma1 =  0.22878 +/- 0.010424 C L(0.05 - 0.6) 
ttbarBkg_MHTphiJet_sigma2 =  0.80000 +/- 0.035365 C L(0.05 - 0.8) 
ttbarBkg_MHTphiJet_f1 =  0.30348 +/- 0.022102 C L(0.1 - 0.8) 

qcdBkg_Mass_mean =  80.519 +/- 2.1905 C L(50 - 100) 
qcdBkg_Mass_sigma0 =  36.137 +/- 1.8381 C L(1 - 100) 
qcdBkg_Mass_sigma1 =  9.0485 +/- 3.4336 C L(1 - 100) 
qcdBkg_Mass_alpha = -0.215165 +/- 0.083968 C L(-10 - 0) 
qcdBkg_Mass_N =  93.234 +/- 183.89 C L(0 - 300) 
qcdBkg_Mass_f1 =  0.79925 +/- 0.052442 C L(0 - 1) 

qcdBkg_MHTphiJet_p1 =  0.14229 +/- 0.35832 C L(-10 - 10) 
qcdBkg_MHTphiJet_p2 =  0.0000 +/- 0.10000 C L(-10 - 10) 

# in sig only W->enu prompt considered
N_sig =  41596 L(-1000 - 1e+06)
N_zeeBkg =  1527   L(-1000 - 10000)
N_ttbarBkg = 481  L(-1000 - 10000)
N_qcdBkg =  1032   L(-1000 - 10000)

   [Observables]

transvMass =  90 C L(30 - 250)      // [GeV]
sinMHTphiJet = 0 C L(-0.85 - 0.85)

