
   [Parameters]

sig_Mt_mean =     78.726 +/- 0.69647  C L(10 - 100)
sig_Mt_sigma =    20.198 +/- 0.56349  C L(10 - 100)
sig_Mt_alpha =    2.9532 +/- 5.5284   C L(0 - 10)
sig_Mt_alphaCB =  1.1324 +/- 0.025450 C L(0 - 10)
sig_Mt_nCB =      1.1425 +/- 1.2422   C L(0.2 - 1000)

ttbar_Mt_mean =     68.420  +/- 0.89217  C L(10 - 100)
ttbar_Mt_sigma =    20.495  +/- 1.8938   C L(10 - 100)
ttbar_Mt_alpha =    0.38530 +/- 0.15430  C L(0 - 10)
ttbar_Mt_alphaCB =  0.59535 +/- 0.057658 C L(0 - 10)
ttbar_Mt_nCB =      14.994  +/- 9.3708   C L(0.2 - 15)

other_Mt_mean =     99.990 +/- 1.2987  C L(10 - 100)
other_Mt_sigma =    40.670 +/- 4.8471  C L(10 - 100)
other_Mt_alpha =    3.0668 +/- 0.97906 C L(0 - 10)
other_Mt_alphaCB =  1.3110 +/- 0.21186 C L(0 - 10)
other_Mt_nCB =      2.3141 +/- 1.1608  C L(0.2 - 15)


sig_sinMHTphiJet_mean =    0.043553 +/- 0.0046071 C L(-1 - 1)
sig_sinMHTphiJet_sigmaL =  0.20098  +/- 0.0048363 C L(0 - 100)
sig_sinMHTphiJet_sigmaR =  0.20830  +/- 0.0044066 C L(0 - 100)
sig_sinMHTphiJet_alphaL =  0.26999  +/- 0.011605  C L(0 - 1)
sig_sinMHTphiJet_alphaR =  0.20879  +/- 0.011916  C L(0 - 1)

ttbar_sinMHTphiJet_mean =   -0.0436582 +/- 0.00067949 C L(-1 - 1)
ttbar_sinMHTphiJet_sigmaL =  0.15791   +/- 0.010767   C L(0 - 100)
ttbar_sinMHTphiJet_sigmaR =  0.24151   +/- 0.013955   C L(0 - 100)
ttbar_sinMHTphiJet_alphaL =  0.49933   +/- 0.028340   C L(0 - 100)
ttbar_sinMHTphiJet_alphaR =  0.35589   +/- 0.031703   C L(0 - 100)

other_sinMHTphiJet_mean =    0.00013808    +/- 6.5968   C L(0 - 10)
other_sinMHTphiJet_sigmaL =  0.34062       +/- 0.078592 C L(0 - 10)
other_sinMHTphiJet_sigmaR =  0.32408       +/- 0.067337 C L(0 - 10)
other_sinMHTphiJet_alphaL =  0.00000029215 +/- 0.013437 C L(0 - 1)
other_sinMHTphiJet_alphaR =  0.017425      +/- 0.030758 C L(0 - 1)


bveto_acc_p1 =  1.0000 C L(-2 - 2)
bveto_acc_p2 =  0.0000 C L(-2 - 2)
bveto_rej_p1 = -1.000000 C L(-2 - 2)
bveto_rej_p2 =  0.0000 C L(-2 - 2)

N_sig =  49 +/- 220.00  L(-100 - 900000)
# tight BVeto
eff_sig =  0.252 +/- 0.0022246 C L(-2 - 2)
# medium BVeto
# eff_sig =  0.476 +/- 0.0022246 C L(-2 - 2)
# loose BVeto
# eff_sig =  0.631 +/- 0.0022246 C L(-2 - 2)

N_ttbar =  119 +/- 50.000  L(-500 - 10000)
# tight BVeto
eff_ttbar = 0.0203  +/- 0.0010562 C L(-2 - 2)
# medium BVeto
# eff_ttbar =  0.0771 +/- 0.50000 C L(-2 - 2)
# loose BVeto
# eff_ttbar =  0.180 +/- 0.50000 C L(-2 - 2)

N_other =  14 +/- 20.855 L(-500 - 10000)
# tight BVeto
eff_other =  0.258 +/- 0.0013478 C L(-2 - 2)
# medium BVeto
# eff_other =  0.355 +/- 0.0013478 L(-2 - 2)
# loose BVeto
# eff_other =  0.516 +/- 0.0013478 L(-2 - 2)


   [Observables]

Mt             = 90 C L(30 - 250)      // [GeV]
sinMHTphiJet   = 0  C L(-0.85 - 0.85)
BVETO          = 1  C L(-1 - 1)
