
   [Parameters]

sig_PfMt_mean1 =  76.429 +/- 7.1049 C L(50 - 100) 
sig_PfMt_sigmaL1 =  11.101 +/- 9.4645 C L(0 - 100) 
sig_PfMt_sigmaR1 =  7.8205 +/- 5.3704 C L(0 - 30) 
sig_PfMt_alphaL1 =  0.13087 +/- 0.55844 C L(0.01 - 1) 
sig_PfMt_alphaR1 =  0.15524 +/- 0.19505 C L(0 - 100) 
sig_PfMt_mean2 =  54.996 +/- 5.7445 C L(30 - 55) 
sig_PfMt_sigmaL2 =  21.662 +/- 53.068 C L(0 - 100) 
sig_PfMt_sigmaR2 =  11.366 +/- 24.126 C L(0 - 30) 
sig_PfMt_alphaL2 =  0.56980 +/- 0.76705 C L(0.01 - 1) 
sig_PfMt_alphaR2 =  0.089725 +/- 8.7001 C L(0 - 100) 
sig_PfMt_f1 =  0.70744 +/- 0.28836 C L(0 - 1) 

qcd_PfMt_mean1 =  19.339 +/- 3.9570 C L(10 - 100) 
qcd_PfMt_mean2 =  25.599 +/- 17.234 C L(10 - 100) 
qcd_PfMt_sigma1 =  13.784 +/- 2.3379 C L(0 - 100) 
qcd_PfMt_sigma2 =  30.000 +/- 21.315 C L(0 - 30) 
qcd_PfMt_f1 =  0.86081 +/- 0.097870 C L(0 - 1) 

other_PfMt_mean1 =  76.385 +/- 25.837 C L(50 - 100) 
other_PfMt_sigmaL1 =  19.477 +/- 37.264 C L(5 - 50) 
other_PfMt_sigmaR1 =  10.177 +/- 35.556 C L(5 - 50) 
other_PfMt_alphaL1 =  0.49999 +/- 0.39329 C L(0.1 - 0.5) 
other_PfMt_alphaR1 =  0.20245 +/- 0.39375 C L(0 - 0.5) 
other_PfMt_mean2 =  57.049 +/- 28.340 C L(30 - 80) 
other_PfMt_sigmaL2 =  40.774 +/- 30.879 C L(10 - 60) 
other_PfMt_sigmaR2 =  42.708 +/- 37.215 C L(10 - 60) 
other_PfMt_alphaL2 =  0.50000 +/- 0.22248 C L(0.1 - 0.5) 
other_PfMt_alphaR2 =  0.081292 +/- 0.25503 C L(0 - 0.5) 
other_PfMt_f1 =  0.76267 +/- 0.79290 C L(0 - 1) 

sig_sinMHTphiJet_mean = -0.00145401 +/- 0.0036568  C L(-1 - 1) 
sig_sinMHTphiJet_sigmaL =  0.16760 +/- 0.0036025  C L(0 - 100) 
sig_sinMHTphiJet_sigmaR =  0.16539 +/- 0.0036610  C L(0 - 100) 
sig_sinMHTphiJet_alphaL =  0.32843 +/- 0.0065139  C L(0 - 1) 
sig_sinMHTphiJet_alphaR =  0.34309 +/- 0.0066123  C L(0 - 1) 

ttbar_sinMHTphiJet_mean = -0.0274854 +/- 0.0022239  C L(-1 - 1) 
ttbar_sinMHTphiJet_sigmaL =  0.40915 +/- 0.0053134  C L(0 - 100) 
ttbar_sinMHTphiJet_sigmaR =  0.48916 +/- 0.0056623  C L(0 - 100) 
ttbar_sinMHTphiJet_alphaL =  2.3309 +/- 0.030463  C L(0 - 100) 
ttbar_sinMHTphiJet_alphaR =  2.1507 +/- 0.030393  C L(0 - 100) 

other_sinMHTphiJet_mean =  0.025149 +/- 0.013523  C L(0 - 10) 
other_sinMHTphiJet_sigmaL =  0.26800 +/- 0.017541  C L(0 - 10) 
other_sinMHTphiJet_sigmaR =  0.20108 +/- 0.015962  C L(0 - 10) 
other_sinMHTphiJet_alphaL =  0.36094 +/- 0.036857  C L(0 - 1) 
other_sinMHTphiJet_alphaR =  0.47930 +/- 0.033371  C L(0 - 1) 


N_sig =  68 +/- 220.00  L(-100 - 900000)

# QCD + gamma+jet + Wother + Z+jets
N_qcd =  85 +/- 50.000  L(-500 - 10000)


# ttbar + single top
N_other =  2 +/- 20.855 L(-500 - 10000)


   [Observables]

pfmt           = 90 C L(20 - 150)      // [GeV]
