
   [Parameters]

sig_Mt_mean =     74.391  +/- 1.7502  C L(10 - 100)
sig_Mt_sigma =    16.631  +/- 3.9475  C L(10 - 100)
sig_Mt_alpha =    0.60761 +/- 0.21691 C L(0 - 10)
sig_Mt_alphaCB =  0.56189 +/- 0.15957 C L(0 - 10)
sig_Mt_nCB =      8.2606  +/- 6.4570  C L(0.2 - 1000)

ttbar_Mt_mean =     69.658  +/- 0.26449   C L(10 - 100)
ttbar_Mt_sigma =    19.754  +/- 0.19473   C L(10 - 100)
ttbar_Mt_alpha =    0.35796 +/- 0.0021140 C L(0 - 10)
ttbar_Mt_alphaCB =  0.64953 +/- 0.0067116 C L(0 - 10)
ttbar_Mt_nCB =      14.999  +/- 1.8152    C L(0.2 - 15)

other_Mt_mean =     55.950  +/- 67.971  C L(10 - 100)
other_Mt_sigma =    44.039  +/- 61.355  C L(10 - 100)
other_Mt_alpha =    9.9994  +/- 9.6615  C L(0 - 10)
other_Mt_alphaCB =  0.90543 +/- 0.77315 C L(0 - 10)
other_Mt_nCB =      3.8105  +/- 12.894  C L(0.2 - 15)


sig_sinMHTphiJet_mean =    0.082530 +/- 0.033163 C L(-1 - 1)
sig_sinMHTphiJet_sigmaL =  0.24421  +/- 0.039592 C L(0 - 100)
sig_sinMHTphiJet_sigmaR =  0.13328  +/- 0.028472 C L(0 - 100)
sig_sinMHTphiJet_alphaL =  0.31780  +/- 0.064616 C L(0 - 1)
sig_sinMHTphiJet_alphaR =  0.42421  +/- 0.052586 C L(0 - 1)

ttbar_sinMHTphiJet_mean =   -0.0183276 +/- 0.0030545 C L(-1 - 1)
ttbar_sinMHTphiJet_sigmaL =  0.19367   +/- 0.0035550 C L(0 - 100)
ttbar_sinMHTphiJet_sigmaR =  0.22893   +/- 0.0035758 C L(0 - 100)
ttbar_sinMHTphiJet_alphaL =  0.49411   +/- 0.0093551 C L(0 - 100)
ttbar_sinMHTphiJet_alphaR =  0.41927   +/- 0.0089086 C L(0 - 100)

other_sinMHTphiJet_mean =    0.021990 +/- 0.061320 C L(0 - 10)
other_sinMHTphiJet_sigmaL =  0.14424  +/- 0.062991 C L(0 - 10)
other_sinMHTphiJet_sigmaR =  0.12221  +/- 0.064388 C L(0 - 10)
other_sinMHTphiJet_alphaL =  0.45395  +/- 0.10481  C L(0 - 1)
other_sinMHTphiJet_alphaR =  0.52769  +/- 0.11373  C L(0 - 1)


bveto_acc_p1 =  1.0000 C L(-2 - 2)
bveto_acc_p2 =  0.0000 C L(-2 - 2)
bveto_rej_p1 = -1.000000 C L(-2 - 2)
bveto_rej_p2 =  0.0000 C L(-2 - 2)

N_sig =  352 +/- 220.00  L(-100 - 900000)
# tight BVeto
eff_sig =  0.326 +/- 0.0022246 C L(-2 - 2)
# medium BVeto
# eff_sig =  0.513 +/- 0.0022246 C L(-2 - 2)
# loose BVeto
# eff_sig =  0.647 +/- 0.0022246 C L(-2 - 2)

N_ttbar =  464 +/- 50.000  L(-500 - 10000)
# tight BVeto
eff_ttbar = 0.0308  +/- 0.0010562 C L(-2 - 2)
# medium BVeto
# eff_ttbar =  0.0964 +/- 0.50000 C L(-2 - 2)
# loose BVeto
# eff_ttbar =  0.2032 +/- 0.50000 C L(-2 - 2)

N_other =  94 +/- 20.855 L(-500 - 10000)
# tight BVeto
eff_other =  0.307 +/- 0.0013478 C L(-2 - 2)
# medium BVeto
# eff_other =  0.475 +/- 0.0013478 L(-2 - 2)
# loose BVeto
# eff_other =  0.550 +/- 0.0013478 L(-2 - 2)


   [Observables]

Mt             = 90 C L(30 - 250)      // [GeV]
sinMHTphiJet   = 0  C L(-0.85 - 0.85)
BVETO          = 1  C L(-1 - 1)
