   [Parameters]

sig_Mass_mean =  65.350 +/- 0.026640 C L(50 - 100) 
sig_Mass_sigma0 =  32.841 +/- 0.053416 C L(1 - 100) 
sig_Mass_sigma1 =  8.5362 +/- 0.030299 C L(1 - 100) 
sig_Mass_alpha = -0.149576 +/- 0.0013905 C L(-10 - 0) 
sig_Mass_N =  107.19 +/- 0.16610 C L(0 - 300) 
sig_Mass_f1 =  0.54003 +/- 0.00057578 C L(0 - 1) 

sig_MHTphiJet_mean1 =  0.014776 +/- 0.0011152 C L(-0.85 - 0.85) 
sig_MHTphiJet_mean2 =  0.010992 +/- 0.0011167 C L(-0.85 - 0.85) 
sig_MHTphiJet_sigma1 =  0.13998 +/- 0.00026735 C L(0.05 - 0.6) 
sig_MHTphiJet_sigma2 =  0.49203 +/- 0.00048489 C L(0.05 - 0.8) 
sig_MHTphiJet_f1 =  0.42579 +/- 0.00045887 C L(0.1 - 0.8) 

zeeBkg_Mass_mean =  50.000 +/- 0.0061876 C L(50 - 100) 
zeeBkg_Mass_sigma0 =  80.932 +/- 0.86937 C L(1 - 100) 
zeeBkg_Mass_sigma1 =  1.2182 +/- 0.10034 C L(1 - 100) 
zeeBkg_Mass_alpha = -0.0232169 +/- 0.0046911 C L(-10 - 0) 
zeeBkg_Mass_N =  4.9819 +/- 0.84795 C L(0 - 300) 
zeeBkg_Mass_f1 =  0.45362 +/- 0.011059 C L(0 - 1) 

zeeBkg_MHTphiJet_mean1 =  0.037557 +/- 0.018833 C L(-0.85 - 0.85) 
zeeBkg_MHTphiJet_mean2 = -0.0627938 +/- 0.064440 C L(-0.85 - 0.85) 
zeeBkg_MHTphiJet_sigma1 =  0.11776 +/- 0.022804 C L(0.05 - 0.6) 
zeeBkg_MHTphiJet_sigma2 =  0.60575 +/- 0.11617 C L(0.05 - 0.8) 
zeeBkg_MHTphiJet_f1 =  0.32179 +/- 0.071997 C L(0.1 - 0.8) 

ttbarBkg_Mass_mean =  74.013 +/- 0.60647 C L(50 - 100) 
ttbarBkg_Mass_sigma0 =  8.0241 +/- 2.2368 C L(1 - 100) 
ttbarBkg_Mass_sigma1 =  26.396 +/- 1.2514 C L(1 - 100) 
ttbarBkg_Mass_alpha = -0.784962 +/- 0.052768 C L(-10 - 0) 
ttbarBkg_Mass_N =  10.655 +/- 3.4548 C L(0 - 300) 
ttbarBkg_Mass_f1 =  0.036222 +/- 0.020003 C L(0 - 1) 

ttbarBkg_MHTphiJet_mean1 =  0.0034035 +/- 0.013255 C L(-0.85 - 0.85) 
ttbarBkg_MHTphiJet_mean2 = -0.0568124 +/- 0.052069 C L(-0.85 - 0.85) 
ttbarBkg_MHTphiJet_sigma1 =  0.20929 +/- 0.025316 C L(0.05 - 0.6) 
ttbarBkg_MHTphiJet_sigma2 =  0.72745 +/- 0.16198 C L(0.05 - 0.8) 
ttbarBkg_MHTphiJet_f1 =  0.40351 +/- 0.092840 C L(0.1 - 0.8) 

// QCD parameters from 2 jets (no sufficient stat in MC 3jets)
qcdBkg_Mass_mean =  66.437 +/- 2.7558 C L(50 - 100)
qcdBkg_Mass_sigma0 =  42.578 +/- 8.6030 C L(1 - 100)
qcdBkg_Mass_sigma1 =  21.236 +/- 5.7738 C L(1 - 100)
qcdBkg_Mass_alpha = -0.652052 +/- 0.24954 C L(-10 - 0)
qcdBkg_Mass_N =  125.25 +/- 191.97 C L(0 - 300)
qcdBkg_Mass_f1 =  0.42630 +/- 0.23338 C L(0 - 1)

qcdBkg_MHTphiJet_p1 =  0.14229 +/- 0.35832 C L(-10 - 10) 
qcdBkg_MHTphiJet_p2 =  0.0000 +/- 0.10000 C L(-10 - 10) 

# in sig only W->enu prompt considered
N_sig =  327 L(-1000 - 1e+06)
N_zeeBkg =  63   L(-1000 - 10000)
N_ttbarBkg = 605  L(-1000 - 10000)
N_qcdBkg =  61   L(-1000 - 10000)

   [Observables]

transvMass =  90 C L(30 - 250)      // [GeV]
sinMHTphiJet = 0 C L(-0.85 - 0.85)

