   [Parameters] 

sig_Mass_mean =  84.256 +/- 37.496 C L(30 - 300)
sig_Mass_sigmaL =  20.812 +/- 29.882 C L(1 - 100)
sig_Mass_sigmaR =  50.724 +/- 28.282 C L(1 - 100)
sig_Mass_alphaL =  0.40183 +/- 0.59455 C L(0 - 100)
sig_Mass_alphaR =  0.22676 +/- 0.17064 C L(0 - 100)

zeeBkg_Mass_mean =  87.524 +/- 14.213 C L(30 - 300) 
zeeBkg_Mass_sigmaL =  36.524 +/- 17.225 C L(1 - 100) 
zeeBkg_Mass_sigmaR =  61.946 +/- 15.764 C L(1 - 100) 
zeeBkg_Mass_alphaL =  0.0000 C L(0 - 1) 
zeeBkg_Mass_alphaR =  0.16485 +/- 0.15722 C L(0 - 1) 

ttbarBkg_Mass_mean =  75.179 +/- 9.1550 C L(30 - 300) 
ttbarBkg_Mass_sigmaL =  16.749 +/- 11.905 C L(1 - 100) 
ttbarBkg_Mass_sigmaR =  44.916 +/- 8.9417 C L(1 - 100) 
ttbarBkg_Mass_alphaL =  0.52956 +/- 0.50627 C L(0 - 100) 
ttbarBkg_Mass_alphaR =  0.18863 +/- 0.061145 C L(0 - 100) 

// QCD parameters from 2 jets (no sufficient stat in MC 3jets)
qcdBkg_Mass_p1 =  66.732 +/- 101.55 C L(-100 - 100) 
qcdBkg_Mass_p2 =  0.0000 C L(-100 - 100) 

N_sig =  94 L(-1000 - 1e+06)
N_zeeBkg =  22   L(-1000 - 10000)
N_ttbarBkg = 192  L(-1000 - 10000)
N_qcdBkg =  0  C L(-1000 - 10000)

   [Observables]

transvMass =  90 C L(30 - 250)      // [GeV]
CSA07weight  = 0.001 C L(0. - 100.)


