   [Parameters]   

sig_Mass_mean =  74.923 +/- 2.4584 C L(30 - 300) 
sig_Mass_sigmaL =  13.078 +/- 2.4963 C L(1 - 100) 
sig_Mass_sigmaR =  44.791 +/- 2.2407 C L(1 - 100) 
sig_Mass_alphaL =  0.29912 +/- 0.077506 C L(0 - 100) 
sig_Mass_alphaR =  0.15269 +/- 0.014682 C L(0 - 100) 

zeeBkg_Mass_mean =  70.293 +/- 6.8644 C L(30 - 300) 
zeeBkg_Mass_sigmaL =  23.989 +/- 6.0103 C L(1 - 100) 
zeeBkg_Mass_sigmaR =  55.430 +/- 7.3721 C L(1 - 100) 
zeeBkg_Mass_alphaL =  0.0000 C L(0 - 1) 
zeeBkg_Mass_alphaR =  0.14314 +/- 0.049603 C L(0 - 1) 

ttbarBkg_Mass_mean =  73.302 +/- 8.2177 C L(30 - 300) 
ttbarBkg_Mass_sigmaL =  15.559 +/- 9.2407 C L(1 - 100) 
ttbarBkg_Mass_sigmaR =  44.337 +/- 6.0233 C L(1 - 100) 
ttbarBkg_Mass_alphaL =  0.45585 +/- 0.30034 C L(0 - 100) 
ttbarBkg_Mass_alphaR =  0.17943 +/- 0.032001 C L(0 - 100) 

qcdBkg_Mass_p1 =  66.732 +/- 101.55 C L(-100 - 100) 
qcdBkg_Mass_p2 =  0.0000 C L(-100 - 100) 

N_sig =  3091 L(-1000 - 1e+06)
N_zeeBkg =  488   L(-1000 - 10000)
N_ttbarBkg = 1169  L(-1000 - 10000)
N_qcdBkg =  0  C L(-1000 - 10000)

   [Observables]

transvMass =  90 C L(30 - 250)      // [GeV]
CSA07weight  = 0.001 C L(0. - 100.)
