   [Parameters]

sig_Mass_mean =  76.544 +/- 0.73772 C L(0 - 300)
sig_Mass_sigmaL =  13.804 +/- 0.70688 C L(1 - 100)
sig_Mass_sigmaR =  41.000 +/- 0.69872 C L(1 - 100)
sig_Mass_alphaL =  0.24460 +/- 0.017388 C L(0 - 100)
sig_Mass_alphaR =  0.12200 +/- 0.0050624 C L(0 - 100)

zeeBkg_Mass_mean1 =  66.696 +/- 3.5896 C L(0 - 300)
zeeBkg_Mass_sigmaL1 =  13.474 +/- 3.6436 C L(1 - 100)
zeeBkg_Mass_sigmaR1 =  37.172 +/- 4.0810 C L(1 - 100)
zeeBkg_Mass_alphaL1 =  0.0000 C L(0 - 1)
zeeBkg_Mass_alphaR1 =  0.14362 +/- 0.099167 C L(0 - 1)
zeeBkg_Mass_mean2 =  30.668 +/- 7.1113 C L(0 - 300)
zeeBkg_Mass_sigmaL2 =  15.217 +/- 4.0703 C L(10 - 100)
zeeBkg_Mass_sigmaR2 =  88.764 +/- 12.950 C L(10 - 100)
zeeBkg_Mass_alphaL2 =  0.0000 C L(0 - 1)
zeeBkg_Mass_alphaR2 =  0.00000012890 +/- 0.16039 C L(0 - 1)
zeeBkg_Mass_f1 =  0.53021 +/- 0.097877 C L(0 - 1)

ttbarBkg_Mass_mean =  79.475 +/- 3.3743 C L(0 - 300)
ttbarBkg_Mass_sigmaL =  25.385 +/- 3.9727 C L(1 - 100)
ttbarBkg_Mass_sigmaR =  40.494 +/- 3.5844 C L(1 - 100)
ttbarBkg_Mass_alphaL =  0.12843 +/- 0.079890 C L(0 - 100)
ttbarBkg_Mass_alphaR =  0.22230 +/- 0.032334 C L(0 - 100)

qcdBkg_Mass_p1 = -0.00606051 +/- 0.00019706 C L(-100 - 100)
qcdBkg_Mass_p2 =  0.0000 C L(-100 - 100)

N_sig =  19971 L(-1000 - 1e+06)
N_zeeBkg =  2022   L(-1000 - 10000)
N_ttbarBkg = 1671  L(-1000 - 10000)
N_qcdBkg =  0  C L(-1000 - 10000)

   [Observables]

transvMass =  90 C L(0 - 250)      // [GeV]
CSA07weight  = 0.001 C L(0. - 100.)
