
   [Parameters]

sig_Mt_mean =  70.620 +/- 0.17381  C L(10 - 100) 
sig_Mt_sigma =  12.565 +/- 0.27174  C L(10 - 100) 
sig_Mt_alpha =  0.31477 +/- 0.012330  C L(0 - 10) 
sig_Mt_alphaCB =  0.49127 +/- 0.013290  C L(0 - 10) 
sig_Mt_nCB =  46.951 +/- 14.924  C L(0.2 - 1000) 

ttbar_Mt_mean =  69.855 +/- 0.87563  C L(10 - 100) 
ttbar_Mt_sigma =  19.624 +/- 0.63256  C L(10 - 100) 
ttbar_Mt_alpha =  0.36863 +/- 0.0057052  C L(0 - 10) 
ttbar_Mt_alphaCB =  0.64183 +/- 0.00045352  C L(0 - 10) 
ttbar_Mt_nCB =  12.842 +/- 0.20737  C L(0.2 - 15) 

other_Mt_mean =  55.670 +/- 0.52164  C L(10 - 100) 
other_Mt_sigma =  10.213 +/- 4.2905  C L(10 - 100) 
other_Mt_alpha =  1.3861 +/- 0.21085  C L(0 - 10) 
other_Mt_alphaCB =  0.30790 +/- 0.056766  C L(0 - 10) 
other_Mt_nCB =  15.000 +/- 0.71758  C L(0.2 - 15) 

sig_sinMHTphiJet_mean = -0.00145401 +/- 0.0036568  C L(-1 - 1) 
sig_sinMHTphiJet_sigmaL =  0.16760 +/- 0.0036025  C L(0 - 100) 
sig_sinMHTphiJet_sigmaR =  0.16539 +/- 0.0036610  C L(0 - 100) 
sig_sinMHTphiJet_alphaL =  0.32843 +/- 0.0065139  C L(0 - 1) 
sig_sinMHTphiJet_alphaR =  0.34309 +/- 0.0066123  C L(0 - 1) 

ttbar_sinMHTphiJet_mean = -0.0274854 +/- 0.0022239  C L(-1 - 1) 
ttbar_sinMHTphiJet_sigmaL =  0.40915 +/- 0.0053134  C L(0 - 100) 
ttbar_sinMHTphiJet_sigmaR =  0.48916 +/- 0.0056623  C L(0 - 100) 
ttbar_sinMHTphiJet_alphaL =  2.3309 +/- 0.030463  C L(0 - 100) 
ttbar_sinMHTphiJet_alphaR =  2.1507 +/- 0.030393  C L(0 - 100) 

other_sinMHTphiJet_mean =  0.025149 +/- 0.013523  C L(0 - 10) 
other_sinMHTphiJet_sigmaL =  0.26800 +/- 0.017541  C L(0 - 10) 
other_sinMHTphiJet_sigmaR =  0.20108 +/- 0.015962  C L(0 - 10) 
other_sinMHTphiJet_alphaL =  0.36094 +/- 0.036857  C L(0 - 1) 
other_sinMHTphiJet_alphaR =  0.47930 +/- 0.033371  C L(0 - 1) 

bveto_acc_p1 =  1.0000 C L(-2 - 2)
bveto_acc_p2 =  0.0000 C L(-2 - 2)
bveto_rej_p1 = -1.000000 C L(-2 - 2)
bveto_rej_p2 =  0.0000 C L(-2 - 2)

N_sig =  21897 +/- 220.00  L(-100 - 900000)
eff_sig =  0.884 +/- 0.0022246  C L(0 - 1)

N_ttbar =  1823 +/- 50.000  L(-500 - 10000)
eff_ttbar =  0.377 +/- 0.0010562  C L(0 - 1)

N_other =  3532 +/- 20.855 L(-500 - 10000)
eff_other =  0.823 +/- 0.0013478   C L(0 - 1)

   [Observables]

Mt             = 90 C L(30 - 250)      // [GeV]
sinMHTphiJet   = 0  C L(-1.0 - 1.0)
BVETO          = 1  C L(-1 - 1)
