
   [Parameters]

sig_Mt_mean =     76.440  +/- 2.4260  C L(10 - 100)
sig_Mt_sigma =    20.362  +/- 5.0812  C L(10 - 100)
sig_Mt_alpha =    0.42792 +/- 0.24778 C L(0 - 10)
sig_Mt_alphaCB =  0.67695 +/- 0.27053 C L(0 - 10)
sig_Mt_nCB =      5.4161  +/- 4.9416  C L(0.2 - 1000)

ttbar_Mt_mean =     71.002  +/- 0.48638  C L(10 - 100)
ttbar_Mt_sigma =    21.971  +/- 1.0725   C L(10 - 100)
ttbar_Mt_alpha =    0.28788 +/- 0.080581 C L(0 - 10)
ttbar_Mt_alphaCB =  0.66625 +/- 0.035002 C L(0 - 10)
ttbar_Mt_nCB =      15.000  +/- 1.1869   C L(0.2 - 15)

other_Mt_mean =     93.267  +/- 8.0947 C L(10 - 100)
other_Mt_sigma =    57.583  +/- 4.8877 C L(10 - 100)
other_Mt_alpha =    8.0852  +/- 5.5145 C L(0 - 10)
other_Mt_alphaCB =  2.8677  +/- 2.7056 C L(0 - 10)
other_Mt_nCB =      0.28101 +/- 11.916 C L(0.2 - 15)


sig_sinMHTphiJet_mean =  0.097659  +/- 0.072576 C L(-1 - 1)
sig_sinMHTphiJet_sigmaL =  0.35030 +/- 0.12973  C L(0 - 100)
sig_sinMHTphiJet_sigmaR =  0.13917 +/- 0.082770 C L(0 - 100)
sig_sinMHTphiJet_alphaL =  0.62555 +/- 0.25106  C L(0 - 1)
sig_sinMHTphiJet_alphaR =  0.95174 +/- 0.17567  C L(0 - 1)

ttbar_sinMHTphiJet_mean = -0.0367253 +/- 0.017119 C L(-1 - 1)
ttbar_sinMHTphiJet_sigmaL =  0.24589 +/- 0.024181 C L(0 - 100)
ttbar_sinMHTphiJet_sigmaR =  0.33405 +/- 0.027984 C L(0 - 100)
ttbar_sinMHTphiJet_alphaL =  0.87961 +/- 0.057511 C L(0 - 100)
ttbar_sinMHTphiJet_alphaR =  0.70301 +/- 0.063317 C L(0 - 100)

# taken from 3 trackjets because fit does not converge on few events
other_sinMHTphiJet_mean =   0.064180 +/- 0.044522 C L(0 - 10)
other_sinMHTphiJet_sigmaL =  0.25942 +/- 0.064690 C L(0 - 10)
other_sinMHTphiJet_sigmaR =  0.13882 +/- 0.048162 C L(0 - 10)
other_sinMHTphiJet_alphaL =  0.65877 +/- 0.13352  C L(0 - 1)
other_sinMHTphiJet_alphaR =  0.74960 +/- 0.11021  C L(0 - 1)


bveto_acc_p1 =  1.0000 C L(-2 - 2)
bveto_acc_p2 =  0.0000 C L(-2 - 2)
bveto_rej_p1 = -1.000000 C L(-2 - 2)
bveto_rej_p2 =  0.0000 C L(-2 - 2)

N_sig =  289 +/- 220.00  L(-100 - 900000)
# tight BVeto
eff_sig =  0.255 +/- 0.0022246  L(-2 - 2)
# medium BVeto
# eff_sig =  0.510 +/- 0.0022246 C L(-2 - 2)
# loose BVeto
# eff_sig =  0.642 +/- 0.0022246 C L(-2 - 2)

N_ttbar =  411 +/- 50.000  L(-500 - 10000)
# tight BVeto
eff_ttbar =  0.031 +/- 0.0010562  L(-2 - 2)
# medium BVeto
# eff_ttbar =  0.108 +/- 0.50000 C L(-2 - 2)
# loose BVeto
# eff_ttbar =  0.240 +/- 0.50000 C L(-2 - 2)

N_other =  69 +/- 20.855 L(-500 - 10000)
# tight BVeto
eff_other =  0.207 +/- 0.0013478  L(-2 - 2)
# medium BVeto
# eff_other =  0.443 +/- 0.0013478 C L(-2 - 2)
# loose BVeto
# eff_other =  0.536 +/- 0.0013478 C L(-2 - 2)


   [Observables]

Mt             = 90 C L(30 - 250)      // [GeV]
sinMHTphiJet   = 0  C L(-0.85 - 0.85)
BVETO          = 1  C L(-1 - 1)
