   [Parameters]

sig_Mass_mean =  69.903 +/- 0.028985 C L(50 - 100) 
sig_Mass_sigma0 =  24.352 +/- 0.090759 C L(1 - 100) 
sig_Mass_sigma1 =  8.1972 +/- 0.035294 C L(1 - 100) 
sig_Mass_alpha = -0.260304 +/- 0.011328 C L(-10 - 0) 
sig_Mass_N =  106.04 +/- 0.97273 C L(0 - 300) 
sig_Mass_f1 =  0.50653 +/- 0.0014674 C L(0 - 1) 

zeeBkg_Mass_mean =  60.681 +/- 2.1614 C L(50 - 100)
zeeBkg_Mass_sigma0 =  50.534 +/- 9.4870 C L(1 - 100)
zeeBkg_Mass_sigma1 =  23.330 +/- 4.9910 C L(1 - 100)
zeeBkg_Mass_alpha = -0.670142 +/- 0.25986 C L(-10 - 0)
zeeBkg_Mass_N =  19.384 +/- 53.180 C L(0 - 300)
zeeBkg_Mass_f1 =  0.30985 +/- 0.21205 C L(0 - 1)

ttbarBkg_Mass_mean =  73.921 +/- 1.4417 C L(50 - 100) 
ttbarBkg_Mass_sigma0 =  10.991 +/- 5.1936 C L(1 - 100) 
ttbarBkg_Mass_sigma1 =  30.851 +/- 6.5625 C L(1 - 100) 
ttbarBkg_Mass_alpha = -0.830766 +/- 0.16162 C L(-10 - 0) 
ttbarBkg_Mass_N =  14.542 +/- 16.415 C L(0 - 300) 
ttbarBkg_Mass_f1 =  0.082648 +/- 0.097896 C L(0 - 1) 

qcdBkg_Mass_p1 = -0.00606051 +/- 0.00019706 C L(-100 - 100)
qcdBkg_Mass_p2 =  0.0000 C L(-100 - 100)

# in sig only W->enu prompt considered
N_sig =  17992 L(-1000 - 1e+06)
N_zeeBkg =  1614   L(-1000 - 10000)
N_ttbarBkg = 1599  L(-1000 - 10000)
N_qcdBkg =  0  C L(-1000 - 10000)

   [Observables]

transvMass =  90 C L(30 - 250)      // [GeV]
CSA07weight  = 0.001 C L(0. - 100.)
