
   [Parameters]

sig_PfMt_mean1 =  73.776 +/- 0.48820 C L(50 - 100) 
sig_PfMt_sigmaL1 =  12.547 +/- 0.88504 C L(5 - 50) 
sig_PfMt_sigmaR1 =  12.376 +/- 0.34075 C L(5 - 50) 
sig_PfMt_alphaL1 =  0.37606 +/- 0.066979 C L(0.1 - 0.5) 
sig_PfMt_alphaR1 =  0.15822 +/- 0.0053043 C L(0 - 0.5) 
sig_PfMt_mean2 =  47.028 +/- 4.0562 C L(30 - 80) 
sig_PfMt_sigmaL2 =  17.729 +/- 46.131 C L(10 - 60) 
sig_PfMt_sigmaR2 =  10.000 +/- 7.4262 C L(10 - 60) 
sig_PfMt_alphaL2 =  0.11742 +/- 0.20359 C L(0.1 - 0.5) 
sig_PfMt_alphaR2 =  0.0000045517 +/- 0.43164 C L(0 - 0.5) 
sig_PfMt_f1 =  0.92381 +/- 0.023465 C L(0 - 1) 

qcd_PfMt_mean1 =  66.694 +/- 0.26108 C L(10 - 100) 
qcd_PfMt_mean2 =  10.060 +/- 0.013997 C L(10 - 100) 
qcd_PfMt_sigma1 =  37.505 +/- 0.29084 C L(0 - 100) 
qcd_PfMt_sigma2 =  27.249 +/- 0.052014 C L(0 - 30) 
qcd_PfMt_f1 =  0.098807 +/- 0.0017924 C L(0 - 1) 

other_PfMt_mean1 =  76.274 +/- 37.867 C L(50 - 100) 
other_PfMt_sigmaL1 =  12.093 +/- 40.974 C L(5 - 50) 
other_PfMt_sigmaR1 =  9.2562 +/- 37.982 C L(5 - 50) 
other_PfMt_alphaL1 =  0.28060 +/- 0.25764 C L(0.1 - 0.5) 
other_PfMt_alphaR1 =  0.20769 +/- 0.26309 C L(0 - 0.5) 
other_PfMt_mean2 =  55.714 +/- 31.563 C L(30 - 80) 
other_PfMt_sigmaL2 =  27.309 +/- 39.172 C L(10 - 60) 
other_PfMt_sigmaR2 =  29.045 +/- 36.413 C L(10 - 60) 
other_PfMt_alphaL2 =  0.49794 +/- 0.38670 C L(0.1 - 0.5) 
other_PfMt_alphaR2 =  0.090141 +/- 0.29675 C L(0 - 0.5) 
other_PfMt_f1 =  0.50010 +/- 0.64976 C L(0 - 1) 


sig_sinMHTphiJet_mean =  0.0024579 +/- 0.011661  C L(-1 - 1) 
sig_sinMHTphiJet_sigmaL =  0.17861 +/- 0.012653  C L(0 - 100) 
sig_sinMHTphiJet_sigmaR =  0.17491 +/- 0.013004  C L(0 - 100) 
sig_sinMHTphiJet_alphaL =  0.46762 +/- 0.025063  C L(0 - 1) 
sig_sinMHTphiJet_alphaR =  0.47282 +/- 0.025460  C L(0 - 1) 

ttbar_sinMHTphiJet_mean =  0.043955 +/- 0.0015162  C L(-1 - 1) 
ttbar_sinMHTphiJet_sigmaL =  0.37301 +/- 0.0024150  C L(0 - 100) 
ttbar_sinMHTphiJet_sigmaR =  0.26199 +/- 0.0021317  C L(0 - 100) 
ttbar_sinMHTphiJet_alphaL =  0.70066 +/- 0.0086669  C L(0 - 100) 
ttbar_sinMHTphiJet_alphaR =  0.87564 +/- 0.0083718  C L(0 - 100) 

other_sinMHTphiJet_mean =  0.017473 +/- 0.029630  C L(0 - 10) 
other_sinMHTphiJet_sigmaL =  0.20612 +/- 0.032301  C L(0 - 10) 
other_sinMHTphiJet_sigmaR =  0.15898 +/- 0.031945  C L(0 - 10) 
other_sinMHTphiJet_alphaL =  0.40239 +/- 0.061243  C L(0 - 1) 
other_sinMHTphiJet_alphaR =  0.47194 +/- 0.060000  C L(0 - 1) 

#N_sig = 81 +/- 0.54950 L(-100 - 900000)
#N_sig = 85 +/- 0.54950 L(-100 - 900000)
#N_sig = 94.3 +/- 0.54950 L(-100 - 900000)
#N_sig = 102 +/- 0.54950 L(-100 - 900000)
N_sig = 80 +/- 0.54950 L(-100 - 900000)

#N_qcd =  275 +/- 50.000  L(-500 - 10000)
#N_qcd =  269 +/- 50.000  L(-500 - 10000)
#N_qcd =  305 +/- 50.000  L(-500 - 10000)
#N_qcd =  422 +/- 50.000  L(-500 - 10000)
N_qcd =  240 +/- 50.000  L(-500 - 10000)

#N_other =  9.5 +/- 50.000  L(-500 - 10000)
#N_other =  10.2 +/- 50.000  L(-500 - 10000)
#N_other =  11.5 +/- 50.000  L(-500 - 10000)
#N_other =  12.3 +/- 50.000  L(-500 - 10000)
N_other =  10.8 +/- 50.000  L(-500 - 10000)

   [Observables]

pfmt           = 90 C L(30 - 200)      // [GeV]
sinMHTphiJet   = 0  C L(-1000 - 1000)
BVetoCat       = 1  C L(-1 - 1)

