
   [Parameters]

sig_PfMt_mean1 =  76.730 +/- 0.13498 C L(50 - 100) 
sig_PfMt_sigmaL1 =  10.049 +/- 0.20856 C L(0 - 100) 
sig_PfMt_sigmaR1 =  7.4657 +/- 0.12408 C L(0 - 30) 
sig_PfMt_alphaL1 =  0.23279 +/- 0.014155 C L(0.01 - 1) 
sig_PfMt_alphaR1 =  0.13409 +/- 0.0041520 C L(0 - 100) 
sig_PfMt_mean2 =  54.994 +/- 0.41729 C L(30 - 55) 
sig_PfMt_sigmaL2 =  24.114 +/- 9.0809 C L(0 - 100) 
sig_PfMt_sigmaR2 =  26.008 +/- 0.39526 C L(0 - 30) 
sig_PfMt_alphaL2 =  0.14758 +/- 0.62585 C L(0.01 - 1) 
sig_PfMt_alphaR2 =  0.066254 +/- 0.0057753 C L(0 - 100) 
sig_PfMt_f1 =  0.56601 +/- 0.010027 C L(0 - 1) 

qcd_PfMt_mean1 =  10.010 +/- 87.482 C L(10 - 100) 
qcd_PfMt_mean2 =  10.001 +/- 55.769 C L(10 - 100) 
qcd_PfMt_sigma1 =  44.781 +/- 9.7500 C L(0 - 100) 
qcd_PfMt_sigma2 =  24.645 +/- 3.4523 C L(0 - 30) 
qcd_PfMt_f1 =  0.25477 +/- 0.22236 C L(0 - 1) 

other_PfMt_mean1 =  76.348 +/- 10.949 C L(50 - 100) 
other_PfMt_sigmaL1 =  10.869 +/- 10.901 C L(5 - 50) 
other_PfMt_sigmaR1 =  8.1816 +/- 7.8221 C L(5 - 50) 
other_PfMt_alphaL1 =  0.28269 +/- 0.16626 C L(0.1 - 0.5) 
other_PfMt_alphaR1 =  0.20535 +/- 0.14982 C L(0 - 0.5) 
other_PfMt_mean2 =  56.114 +/- 18.908 C L(30 - 80) 
other_PfMt_sigmaL2 =  28.315 +/- 20.027 C L(10 - 60) 
other_PfMt_sigmaR2 =  28.126 +/- 16.509 C L(10 - 60) 
other_PfMt_alphaL2 =  0.50000 +/- 0.24581 C L(0.1 - 0.5) 
other_PfMt_alphaR2 =  0.090402 +/- 0.15661 C L(0 - 0.5) 
other_PfMt_f1 =  0.50840 +/- 0.34445 C L(0 - 1) 


sig_sinMHTphiJet_mean = -0.00145401 +/- 0.0036568  C L(-1 - 1) 
sig_sinMHTphiJet_sigmaL =  0.16760 +/- 0.0036025  C L(0 - 100) 
sig_sinMHTphiJet_sigmaR =  0.16539 +/- 0.0036610  C L(0 - 100) 
sig_sinMHTphiJet_alphaL =  0.32843 +/- 0.0065139  C L(0 - 1) 
sig_sinMHTphiJet_alphaR =  0.34309 +/- 0.0066123  C L(0 - 1) 

ttbar_sinMHTphiJet_mean = -0.0274854 +/- 0.0022239  C L(-1 - 1) 
ttbar_sinMHTphiJet_sigmaL =  0.40915 +/- 0.0053134  C L(0 - 100) 
ttbar_sinMHTphiJet_sigmaR =  0.48916 +/- 0.0056623  C L(0 - 100) 
ttbar_sinMHTphiJet_alphaL =  2.3309 +/- 0.030463  C L(0 - 100) 
ttbar_sinMHTphiJet_alphaR =  2.1507 +/- 0.030393  C L(0 - 100) 

other_sinMHTphiJet_mean =  0.025149 +/- 0.013523  C L(0 - 10) 
other_sinMHTphiJet_sigmaL =  0.26800 +/- 0.017541  C L(0 - 10) 
other_sinMHTphiJet_sigmaR =  0.20108 +/- 0.015962  C L(0 - 10) 
other_sinMHTphiJet_alphaL =  0.36094 +/- 0.036857  C L(0 - 1) 
other_sinMHTphiJet_alphaR =  0.47930 +/- 0.033371  C L(0 - 1) 

#N_sig =  468 +/- 220.00  L(-100 - 900000)
#N_sig =  490 +/- 220.00  L(-100 - 900000)
#N_sig =  535 +/- 220.00  L(-100 - 900000)
#N_sig =  576 +/- 220.00  L(-100 - 900000)
N_sig =  455 +/- 220.00  L(-100 - 900000)


# QCD + gamma+jet + Wother + Z+jets
#N_qcd =  1261 +/- 50.000  L(-500 - 10000)
#N_qcd =  1272 +/- 50.000  L(-500 - 10000)
#N_qcd =  1455 +/- 50.000  L(-500 - 10000)
#N_qcd =  2077 +/- 50.000  L(-500 - 10000)
N_qcd =  763 +/- 50.000  L(-500 - 10000)


# ttbar + single top
#N_other =  13 +/- 20.855 L(-500 - 10000)
#N_other =  13.5 +/- 20.855 L(-500 - 10000)
#N_other =  15.1 +/- 20.855 L(-500 - 10000)
#N_other =  17 +/- 20.855 L(-500 - 10000)
N_other =  14.1 +/- 20.855 L(-500 - 10000)


   [Observables]

pfmt           = 90 C L(30 - 200)      // [GeV]
sinMHTphiJet   = 0  C L(-1000 - 1000)
BVetoCat       = 1  C L(-1 - 1)
