   [Parameters]

sig_Mass_mean =  69.004 +/- 2.6954 C L(50 - 100)
sig_Mass_sigma0 =  27.935 +/- 3.4950 C L(1 - 100)
sig_Mass_sigma1 =  7.9008 +/- 3.0606 C L(1 - 100)
sig_Mass_alpha = -0.165370 +/- 0.068864 C L(-10 - 0)
sig_Mass_N =  92.736 +/- 236.28 C L(0 - 300)
sig_Mass_f1 =  0.54120 +/- 0.084619 C L(0 - 1)

zeeBkg_Mass_mean =  59.144 +/- 11.506 C L(50 - 100) 
zeeBkg_Mass_sigma0 =  65.422 +/- 22.033 C L(1 - 100) 
zeeBkg_Mass_sigma1 =  14.967 +/- 20.510 C L(1 - 100) 
zeeBkg_Mass_alpha = -0.318141 +/- 0.52963 C L(-10 - 0) 
zeeBkg_Mass_N =  8.8445 +/- 200.53 C L(0 - 300) 
zeeBkg_Mass_f1 =  0.53409 +/- 0.76684 C L(0 - 1) 

ttbarBkg_Mass_mean =  73.647 +/- 1.9294 C L(50 - 100) 
ttbarBkg_Mass_sigma0 =  15.343 +/- 9.5485 C L(1 - 100) 
ttbarBkg_Mass_sigma1 =  40.866 +/- 24.789 C L(1 - 100) 
ttbarBkg_Mass_alpha = -1.14468 +/- 0.60460 C L(-10 - 0) 
ttbarBkg_Mass_N =  8.5304 +/- 15.486 C L(0 - 300) 
ttbarBkg_Mass_f1 =  0.22981 +/- 0.33226 C L(0 - 1) 

// QCD parameters from 2 jets (no sufficient stat in MC 3jets)
qcdBkg_Mass_p1 =  66.732 +/- 101.55 C L(-100 - 100) 
qcdBkg_Mass_p2 =  0.0000 C L(-100 - 100) 

# in sig only W->enu prompt considered
N_sig =  490 L(-1000 - 1e+06)
N_zeeBkg =  91   L(-1000 - 10000)
N_ttbarBkg = 554  L(-1000 - 10000)
N_qcdBkg =  0  C L(-1000 - 10000)

   [Observables]

transvMass =  90 C L(30 - 250)      // [GeV]
CSA07weight  = 0.001 C L(0. - 100.)

