
   [Parameters]

sig_Mt_mean =  70.469  C L(10 - 100) 
sig_Mt_sigma =  15.233  C L(10 - 100) 
sig_Mt_alpha =  0.10979  C L(0 - 10) 
sig_Mt_alphaCB =  0.74687  C L(0 - 10) 
sig_Mt_nCB =  133.05  C L(0.2 - 1000) 

ttbar_Mt_mean =  70.029 +/- 0.41430  C L(10 - 100) 
ttbar_Mt_sigma =  19.866 +/- 0.57750  C L(10 - 100) 
ttbar_Mt_alpha =  0.31973 +/- 0.040426  C L(0 - 10) 
ttbar_Mt_alphaCB =  0.62308 +/- 0.043786  C L(0 - 10) 
ttbar_Mt_nCB =  14.942 +/- 8.1786  C L(0.2 - 15) 

other_Mt_mean =  54.713 +/- 0.28304  C L(10 - 100) 
other_Mt_sigma =  10.999 +/- 0.25209  C L(10 - 100) 
other_Mt_alpha =  0.10733 +/- 0.030583  C L(0 - 10) 
other_Mt_alphaCB =  0.38340 +/- 0.0091723  C L(0 - 10) 
other_Mt_nCB =  14.939 +/- 0.68866  C L(0.2 - 15) 

sig_sinMHTphiJet_mean =  0.0011709  C L(-1 - 1) 
sig_sinMHTphiJet_sigmaL =  0.29793  C L(0 - 100) 
sig_sinMHTphiJet_sigmaR =  0.29621  C L(0 - 100) 
sig_sinMHTphiJet_alphaL =  0.57466  C L(0 - 1) 
sig_sinMHTphiJet_alphaR =  0.57797  C L(0 - 1) 

ttbar_sinMHTphiJet_mean =  0.026817 +/- 0.028883  C L(-1 - 1) 
ttbar_sinMHTphiJet_sigmaL =  0.43824 +/- 0.081716  C L(0 - 100) 
ttbar_sinMHTphiJet_sigmaR =  0.38838 +/- 0.057126  C L(0 - 100) 
ttbar_sinMHTphiJet_alphaL =  4.1269 +/- 0.37177  C L(0 - 100) 
ttbar_sinMHTphiJet_alphaR =  3.8769 +/- 0.37459  C L(0 - 100) 

other_sinMHTphiJet_mean =  0.023434 +/- 0.063077  C L(0 - 10) 
other_sinMHTphiJet_sigmaL =  0.26647 +/- 0.064539  C L(0 - 10) 
other_sinMHTphiJet_sigmaR =  0.19338 +/- 0.10574  C L(0 - 10) 
other_sinMHTphiJet_alphaL =  0.80097 +/- 0.036206  C L(0 - 1) 
other_sinMHTphiJet_alphaR =  0.94959 +/- 0.51719  C L(0 - 1) 

bveto_acc_p1 =  1.0000 C L(-2 - 2)
bveto_acc_p2 =  0.0000 C L(-2 - 2)
bveto_rej_p1 = -1.000000 C L(-2 - 2)
bveto_rej_p2 =  0.0000 C L(-2 - 2)

N_sig =  61960 +/- 220.00  L(-100 - 900000)
eff_sig =  0.826 +/- 0.0022246 C L(0 - 1)

N_ttbar =  1934 +/- 50.000  L(-500 - 10000)
eff_ttbar =  0.141 +/- 0.0010562 C L(0 - 1)

N_other =  8983 +/- 20.855 L(-500 - 10000)
eff_other =  0.703 +/- 0.0013478 C L(0 - 1)

N_top =  891 +/- 50.000  L(-500 - 10000)
eff_top =  0.547 +/- 0.0010562 C L(0 - 1)

   [Observables]

Mt             = 90 C L(30 - 250)      // [GeV]
sinMHTphiJet   = 0  C L(-1.0 - 1.0)
BVETO          = 1  C L(-1 - 1)
