
   [Parameters]   

sig_Mt_mean =     71.020  +/- 0.33983  C L(10 - 100)
sig_Mt_sigma =    15.906  +/- 0.59848  C L(10 - 100)
sig_Mt_alpha =    0.14470 +/- 0.027917 C L(0 - 10)
sig_Mt_alphaCB =  0.63211 +/- 0.036030 C L(0 - 10)
sig_Mt_nCB =      14.071  +/- 3.1771   C L(0.2 - 1000)

ttbar_Mt_mean =     70.158  +/- 0.096302 C L(10 - 100)
ttbar_Mt_sigma =    20.189  +/- 0.85618  C L(10 - 100)
ttbar_Mt_alpha =    0.31832 +/- 0.053361 C L(0 - 10)
ttbar_Mt_alphaCB =  0.69111 +/- 0.038972 C L(0 - 10)
ttbar_Mt_nCB =      11.589  +/- 1.8566   C L(0.2 - 15)

other_Mt_mean =     66.683       +/- 1.1257   C L(10 - 100)
other_Mt_sigma =    27.548       +/- 1.9695   C L(10 - 100)
other_Mt_alpha =    0.0000010786 +/- 0.056533 C L(0 - 10)
other_Mt_alphaCB =  0.71758      +/- 0.063500 C L(0 - 10)
other_Mt_nCB =      15.000       +/- 1.4468   C L(0.2 - 15)


sig_sinMHTphiJet_mean = -0.00668856 +/- 0.012569 C L(-1 - 1)
sig_sinMHTphiJet_sigmaL =  0.23015 +/- 0.016296  C L(0 - 100)
sig_sinMHTphiJet_sigmaR =  0.24526 +/- 0.016240  C L(0 - 100)
sig_sinMHTphiJet_alphaL =  0.77533 +/- 0.034038  C L(0 - 1)
sig_sinMHTphiJet_alphaR =  0.72683 +/- 0.033403  C L(0 - 1)

ttbar_sinMHTphiJet_mean = -0.00562530 +/- 0.0086794 C L(-1 - 1)
ttbar_sinMHTphiJet_sigmaL =  0.24237 +/- 0.010160   C L(0 - 100)
ttbar_sinMHTphiJet_sigmaR =  0.25078 +/- 0.010027   C L(0 - 100)
ttbar_sinMHTphiJet_alphaL =  0.51426 +/- 0.019190   C L(0 - 100)
ttbar_sinMHTphiJet_alphaR =  0.47897 +/- 0.018696   C L(0 - 100)

other_sinMHTphiJet_mean =  0.0000037432 +/- 0.018228 C L(0 - 10)
other_sinMHTphiJet_sigmaL =  0.18745 +/- 0.016148    C L(0 - 10)
other_sinMHTphiJet_sigmaR =  0.20611 +/- 0.018456    C L(0 - 10)
other_sinMHTphiJet_alphaL =  0.65826 +/- 0.043969    C L(0 - 1)
other_sinMHTphiJet_alphaR =  0.61263 +/- 0.047314    C L(0 - 1)


bveto_acc_p1 =  1.0000 C L(-2 - 2)
bveto_acc_p2 =  0.0000 C L(-2 - 2)
bveto_rej_p1 = -1.000000 C L(-2 - 2)
bveto_rej_p2 =  0.0000 C L(-2 - 2)

N_sig =  8253 +/- 220.00  L(-100 - 900000)
eff_sig =  0.710 +/- 0.0022246  L(-2 - 2)

N_ttbar =  1389 +/- 50.000  L(-500 - 10000)
eff_ttbar =  0.135 +/- 0.0010562 C L(-2 - 2)

N_other =  1714 +/- 20.855 L(-500 - 10000)
eff_other =  0.626 +/- 0.0013478  L(-2 - 2)


   [Observables]

Mt             = 90 C L(30 - 250)      // [GeV]
sinMHTphiJet   = 0  C L(-0.85 - 0.85)
BVETO          = 1  C L(-1 - 1)
