
   [Parameters]

sig_Mt_mean =  78.192 +/- 6.6490  C L(10 - 100) 
sig_Mt_sigma =  20.215 +/- 7.6767  C L(10 - 100) 
sig_Mt_alpha =  2.1780 +/- 1.8264  C L(0 - 10) 
sig_Mt_alphaCB =  1.1302 +/- 0.38547  C L(0 - 10) 
sig_Mt_nCB =  1.1420 +/- 0.82229  C L(0.2 - 1000) 

ttbar_Mt_mean =  68.097 +/- 5.0941  C L(10 - 100) 
ttbar_Mt_sigma =  19.507 +/- 0.86936  C L(10 - 100) 
ttbar_Mt_alpha =  0.43731 +/- 0.35242  C L(0 - 10) 
ttbar_Mt_alphaCB =  0.56480 +/- 0.024433  C L(0 - 10) 
ttbar_Mt_nCB =  15.000 +/- 9.2915  C L(0.2 - 15) 

other_Mt_mean =  36.853 +/- 25.035  C L(10 - 100) 
other_Mt_sigma =  81.870 +/- 12.985  C L(10 - 100) 
other_Mt_alpha =  3.3442 +/- 3.9699  C L(0 - 10) 
other_Mt_alphaCB =  3.2537 +/- 3.0292  C L(0 - 10) 
other_Mt_nCB =  13.616 +/- 5.4765  C L(0.2 - 15) 

sig_sinMHTphiJet_mean =  0.045879 +/- 0.093348  C L(-1 - 1) 
sig_sinMHTphiJet_sigmaL =  0.19855 +/- 0.096615  C L(0 - 100) 
sig_sinMHTphiJet_sigmaR =  0.20156 +/- 0.090093  C L(0 - 100) 
sig_sinMHTphiJet_alphaL =  0.34738 +/- 0.16154  C L(0 - 1) 
sig_sinMHTphiJet_alphaR =  0.26052 +/- 0.16695  C L(0 - 1) 

ttbar_sinMHTphiJet_mean = -0.00111429 +/- 0.010094  C L(-1 - 1) 
ttbar_sinMHTphiJet_sigmaL =  0.18996 +/- 0.012619  C L(0 - 100) 
ttbar_sinMHTphiJet_sigmaR =  0.21171 +/- 0.012443  C L(0 - 100) 
ttbar_sinMHTphiJet_alphaL =  0.50388 +/- 0.030014  C L(0 - 100) 
ttbar_sinMHTphiJet_alphaR =  0.43034 +/- 0.029608  C L(0 - 100) 

other_sinMHTphiJet_mean =  0.0000091309 +/- 0.44081  C L(0 - 10) 
other_sinMHTphiJet_sigmaL =  0.29748 +/- 0.057811  C L(0 - 10) 
other_sinMHTphiJet_sigmaR =  0.30049 +/- 0.058675  C L(0 - 10) 
other_sinMHTphiJet_alphaL =  0.00029183 +/- 0.98714  C L(0 - 1) 
other_sinMHTphiJet_alphaR =  0.000016998 +/- 0.71704  C L(0 - 1) 

bveto_acc_p1 =  1.0000 C L(-2 - 2)
bveto_acc_p2 =  0.0000 C L(-2 - 2)
bveto_rej_p1 = -1.000000 C L(-2 - 2)
bveto_rej_p2 =  0.0000 C L(-2 - 2)

N_sig =  54 +/- 220.00  L(-100 - 900000)
eff_sig =  0.634 +/- 0.0022246  C L(0 - 1)

N_ttbar =  141 +/- 50.000  L(-500 - 10000)
eff_ttbar = 0.296  +/- 0.0010562 C L(0 - 1)

N_other =  17 +/- 20.855 L(-500 - 10000)
eff_other =  0.581 +/- 0.0013478 C L(0 - 1)

   [Observables]

Mt             = 90 C L(30 - 250)      // [GeV]
sinMHTphiJet   = 0  C L(-1.0 - 1.0)
BVETO          = 1  C L(-1 - 1)
