
   [Parameters]

sig_PfMt_mean1 =  76.179 +/- 0.32021 C L(50 - 100) 
sig_PfMt_sigmaL1 =  11.791 +/- 0.87748 C L(0 - 100) 
sig_PfMt_sigmaR1 =  8.3416 +/- 0.31597 C L(0 - 30) 
sig_PfMt_alphaL1 =  0.23813 +/- 0.052687 C L(0.01 - 1) 
sig_PfMt_alphaR1 =  0.097610 +/- 0.033164 C L(0 - 100) 
sig_PfMt_mean2 =  54.846 +/- 0.37135 C L(30 - 55) 
sig_PfMt_sigmaL2 =  13.024 +/- 0.51155 C L(0 - 100) 
sig_PfMt_sigmaR2 =  22.166 +/- 1.4534 C L(0 - 30) 
sig_PfMt_alphaL2 =  0.47796 +/- 0.099664 C L(0.01 - 1) 
sig_PfMt_alphaR2 =  0.10363 +/- 0.013664 C L(0 - 100) 
sig_PfMt_f1 =  0.63950 +/- 0.070913 C L(0 - 1) 

qcd_PfMt_mean1 =  24.883 +/- 5.4830 C L(10 - 100) 
qcd_PfMt_mean2 =  20.455 +/- 48.419 C L(10 - 100) 
qcd_PfMt_sigma1 =  12.240 +/- 4.3885 C L(0 - 100) 
qcd_PfMt_sigma2 =  29.927 +/- 18.235 C L(0 - 30) 
qcd_PfMt_f1 =  0.73344 +/- 0.31056 C L(0 - 1) 

other_PfMt_mean1 =  75.878 +/- 28.489 C L(50 - 100) 
other_PfMt_sigmaL1 =  20.461 +/- 37.047 C L(5 - 50) 
other_PfMt_sigmaR1 =  11.429 +/- 39.566 C L(5 - 50) 
other_PfMt_alphaL1 =  0.49932 +/- 0.27990 C L(0.1 - 0.5) 
other_PfMt_alphaR1 =  0.18323 +/- 0.25908 C L(0 - 0.5) 
other_PfMt_mean2 =  55.159 +/- 26.087 C L(30 - 80) 
other_PfMt_sigmaL2 =  43.723 +/- 39.483 C L(10 - 60) 
other_PfMt_sigmaR2 =  42.418 +/- 26.780 C L(10 - 60) 
other_PfMt_alphaL2 =  0.50000 +/- 0.20519 C L(0.1 - 0.5) 
other_PfMt_alphaR2 =  0.042213 +/- 0.47330 C L(0 - 0.5) 
other_PfMt_f1 =  0.76248 +/- 0.87145 C L(0 - 1) 

sig_sinMHTphiJet_mean =  0.0024579 +/- 0.011661  C L(-1 - 1) 
sig_sinMHTphiJet_sigmaL =  0.17861 +/- 0.012653  C L(0 - 100) 
sig_sinMHTphiJet_sigmaR =  0.17491 +/- 0.013004  C L(0 - 100) 
sig_sinMHTphiJet_alphaL =  0.46762 +/- 0.025063  C L(0 - 1) 
sig_sinMHTphiJet_alphaR =  0.47282 +/- 0.025460  C L(0 - 1) 

ttbar_sinMHTphiJet_mean =  0.043955 +/- 0.0015162  C L(-1 - 1) 
ttbar_sinMHTphiJet_sigmaL =  0.37301 +/- 0.0024150  C L(0 - 100) 
ttbar_sinMHTphiJet_sigmaR =  0.26199 +/- 0.0021317  C L(0 - 100) 
ttbar_sinMHTphiJet_alphaL =  0.70066 +/- 0.0086669  C L(0 - 100) 
ttbar_sinMHTphiJet_alphaR =  0.87564 +/- 0.0083718  C L(0 - 100) 

other_sinMHTphiJet_mean =  0.017473 +/- 0.029630  C L(0 - 10) 
other_sinMHTphiJet_sigmaL =  0.20612 +/- 0.032301  C L(0 - 10) 
other_sinMHTphiJet_sigmaR =  0.15898 +/- 0.031945  C L(0 - 10) 
other_sinMHTphiJet_alphaL =  0.40239 +/- 0.061243  C L(0 - 1) 
other_sinMHTphiJet_alphaR =  0.47194 +/- 0.060000  C L(0 - 1) 

N_sig = 10 +/- 0.54950 L(-100 - 900000)

N_qcd =  80 +/- 50.000  L(-500 - 10000)

N_other =  1 +/- 50.000 C L(-500 - 10000)

   [Observables]

pfmt           = 90 C L(20 - 150)      // [GeV]

