   [Parameters]

sig_Mass_mean =  81.908 +/- 0.12996 C L(30 - 300)
sig_Mass_sigmaL =  18.707 +/- 0.046434 C L(1 - 100)
sig_Mass_sigmaR =  46.901 +/- 0.060424 C L(1 - 100)
sig_Mass_alphaL =  0.28068 +/- 0.0064613 C L(0 - 100)
sig_Mass_alphaR =  0.19573 +/- 0.0052746 C L(0 - 100)

zeeBkg_Mass_mean =  71.627 +/- 1.5885 C L(0 - 300) 
zeeBkg_Mass_sigmaL =  29.470 +/- 0.71075 C L(1 - 100) 
zeeBkg_Mass_sigmaR =  66.431 +/- 0.74205 C L(1 - 100) 
zeeBkg_Mass_alphaL =  0.0000 C L(0 - 1) 
zeeBkg_Mass_alphaR =  0.14478 +/- 0.0055812 C L(0 - 1) 

ttbarBkg_Mass_mean =  73.209 +/- 5.3085 C L(30 - 300) 
ttbarBkg_Mass_sigmaL =  15.937 +/- 6.9174 C L(1 - 100) 
ttbarBkg_Mass_sigmaR =  44.065 +/- 5.0582 C L(1 - 100) 
ttbarBkg_Mass_alphaL =  0.46129 +/- 0.29304 C L(0 - 100) 
ttbarBkg_Mass_alphaR =  0.17989 +/- 0.034073 C L(0 - 100) 

// QCD parameters from 2 jets (no sufficient stat in MC 3jets)
qcdBkg_Mass_p1 =  66.732 +/- 101.55 C L(-100 - 100) 
qcdBkg_Mass_p2 =  0.0000 C L(-100 - 100) 

N_sig =  519 L(-1000 - 1e+06)
N_zeeBkg =  104   L(-1000 - 10000)
N_ttbarBkg = 563  L(-1000 - 10000)
N_qcdBkg =  0  C L(-1000 - 10000)

   [Observables]

transvMass =  90 C L(30 - 250)      // [GeV]
CSA07weight  = 0.001 C L(0. - 100.)

