   [Parameters] 

sig_Mass_mean =  82.886 +/- 60.305 C L(0 - 300) 
sig_Mass_sigmaL =  19.999 +/- 55.819 C L(1 - 100) 
sig_Mass_sigmaR =  50.076 +/- 39.032 C L(1 - 100) 
sig_Mass_alphaL =  0.31227 +/- 0.85954 C L(0 - 100) 
sig_Mass_alphaR =  0.23409 +/- 0.22048 C L(0 - 100) 

zeeBkg_Mass_mean1 =  86.807 +/- 15.039 C L(0 - 300) 
zeeBkg_Mass_sigmaL1 =  25.792 +/- 13.393 C L(1 - 100) 
zeeBkg_Mass_sigmaR1 =  71.994 +/- 20.283 C L(1 - 100) 
zeeBkg_Mass_alphaL1 =  0.0000 C L(0 - 1) 
zeeBkg_Mass_alphaR1 =  0.0035701 +/- 0.71552 C L(0 - 1) 
zeeBkg_Mass_mean2 =  19.938 +/- 14.335 C L(0 - 300) 
zeeBkg_Mass_sigmaL2 =  10.056 +/- 88.879 C L(10 - 100) 
zeeBkg_Mass_sigmaR2 =  99.692 +/- 20.545 C L(10 - 100) 
zeeBkg_Mass_alphaL2 =  0.0000 C L(0 - 1) 
zeeBkg_Mass_alphaR2 =  0.00042586 +/- 0.86012 C L(0 - 1) 
zeeBkg_Mass_f1 =  0.72494 +/- 0.22323 C L(0 - 1) 

ttbarBkg_Mass_mean =  76.254 +/- 0.14885 C L(0 - 300) 
ttbarBkg_Mass_sigmaL =  23.870 +/- 3.1309 C L(1 - 100) 
ttbarBkg_Mass_sigmaR =  44.090 +/- 1.9840 C L(1 - 100) 
ttbarBkg_Mass_alphaL =  0.15115 +/- 0.71630 C L(0 - 100) 
ttbarBkg_Mass_alphaR =  0.20631 +/- 0.020549 C L(0 - 100) 

// QCD parameters from 2 jets (no sufficient stat in MC 3jets)
qcdBkg_Mass_p1 =  66.732 +/- 101.55 C L(-100 - 100) 
qcdBkg_Mass_p2 =  0.0000 C L(-100 - 100) 

N_sig =  97 L(-1000 - 1e+06)
N_zeeBkg =  23   L(-1000 - 10000)
N_ttbarBkg = 199  L(-1000 - 10000)
N_qcdBkg =  0  C L(-1000 - 10000)

   [Observables]

transvMass =  90 C L(0 - 250)      // [GeV]
CSA07weight  = 0.001 C L(0. - 100.)


