
   [Parameters]

sig_sinMHTphiJet_mean = -0.00357889 +/- 0.0034977 C L(-1 - 1)
sig_sinMHTphiJet_sigmaL =  0.16843 +/- 0.0033046 C L(0 - 100)
sig_sinMHTphiJet_sigmaR =  0.17089 +/- 0.0034240 C L(0 - 100)
sig_sinMHTphiJet_alphaL =  0.27691 +/- 0.0055494 C L(0 - 1)
sig_sinMHTphiJet_alphaR =  0.27870 +/- 0.0057192 C L(0 - 1)

ttbar_Mt_mean =  70.158 +/- 0.096302 L(10 - 100)
ttbar_Mt_sigma =  20.189 +/- 0.85618 L(10 - 100)
ttbar_Mt_alpha =  0.31832 +/- 0.053361 L(0 - 10)
ttbar_Mt_alphaCB =  0.69111 +/- 0.038972 L(0 - 10)
ttbar_Mt_nCB =  11.589 +/- 1.8566 L(0.2 - 15)

other_Mt_mean =  64.166 +/- 0.049426 L(10 - 100)
other_Mt_sigma =  14.744 +/- 4.1673 L(10 - 100)
other_Mt_alpha =  2.4971 +/- 0.78308 L(0 - 10)
other_Mt_alphaCB =  0.35692 +/- 0.10114 L(0 - 10)
other_Mt_nCB =  15.000 +/- 12.554 L(0.2 - 15)


sig_sinMHTphiJet_mean =  0.0052298 +/- 0.000031712 L(-1 - 1)
sig_sinMHTphiJet_sigmaL =  0.17934 +/- 0.000036091 L(0 - 100)
sig_sinMHTphiJet_sigmaR =  0.17077 +/- 0.000035250 L(0 - 100)
sig_sinMHTphiJet_alphaL =  0.41746 +/- 0.000095020 L(0 - 1)
sig_sinMHTphiJet_alphaR =  0.42281 +/- 0.000093621 L(0 - 1)

ttbar_sinMHTphiJet_mean = -0.00562530 +/- 0.0086794 L(-1 - 1)
ttbar_sinMHTphiJet_sigmaL =  0.24237 +/- 0.010160 L(0 - 100)
ttbar_sinMHTphiJet_sigmaR =  0.25078 +/- 0.010027 L(0 - 100)
ttbar_sinMHTphiJet_alphaL =  0.51426 +/- 0.019190 L(0 - 100)
ttbar_sinMHTphiJet_alphaR =  0.47897 +/- 0.018696 L(0 - 100)

other_sinMHTphiJet_mean =  0.025127 +/- 0.025009 L(0 - 10)
other_sinMHTphiJet_sigmaL =  0.20940 +/- 0.028088 L(0 - 10)
other_sinMHTphiJet_sigmaR =  0.15317 +/- 0.025546 L(0 - 10)
other_sinMHTphiJet_alphaL =  0.34828 +/- 0.049161 L(0 - 1)
other_sinMHTphiJet_alphaR =  0.41780 +/- 0.045100 L(0 - 1)


bveto_acc_p1 =  1.0000 C L(-2 - 2)
bveto_acc_p2 =  0.0000 C L(-2 - 2)
bveto_rej_p1 = -1.000000 C L(-2 - 2)
bveto_rej_p2 =  0.0000 C L(-2 - 2)


N_sig =  2563 +/- 0.54950 L(-100 - 900000)
# tight BVeto
eff_sig =  0.42590 +/- 0.000044403 C L(-2 - 2)
# medium BVeto
# eff_sig =  0.6240 +/- 0.000044403 C L(-2 - 2)
# loose BVeto
# eff_sig =  0.7313 +/- 0.000044403 C L(-2 - 2)


N_ttbar =  1099 +/- 50.000 C L(-500 - 10000)
# tight BVeto
eff_ttbar =  0.04477 +/- 0.50000 C L(-2 - 2)
# medium BVeto
# eff_ttbar =  0.1210 +/- 0.50000 C L(-2 - 2)
# loose BVeto
# eff_ttbar =  0.235 +/- 0.50000 C L(-2 - 2)


N_other =  674 +/- 50.000 C L(-500 - 10000)
# tight BVeto
eff_other = 0.402  +/- 0.50000 C L(-2 - 2)
# medium BVeto
# eff_other = 0.563  +/- 0.50000 C L(-2 - 2)
# loose BVeto
# eff_other = 0.674  +/- 0.50000 C L(-2 - 2)



   [Observables]

Mt             = 90 C L(30 - 250)      // [GeV]
sinMHTphiJet   = 0  C L(-0.85 - 0.85)
BVetoTightCat  = 1  C L(-1 - 1)
BVetoMediumCat = 1  C L(-1 - 1)
BVetoLooseCat  = 1  C L(-1 - 1)
