
   [Parameters]

sig_Mt_mean =  72.307 +/- 0.83623  C L(10 - 100)
sig_Mt_sigma =  17.233 +/- 1.4237  C L(10 - 100)
sig_Mt_alpha =  0.25470 +/- 0.073172  C L(0 - 10)
sig_Mt_alphaCB =  0.53597 +/- 0.062079  C L(0 - 10)
sig_Mt_nCB =  19.011 +/- 14.714  C L(0.2 - 1000)

ttbar_Mt_mean =  70.997 +/- 0.49802  C L(10 - 100) 
ttbar_Mt_sigma =  23.379 +/- 0.76525  C L(10 - 100) 
ttbar_Mt_alpha =  0.21139 +/- 0.0055376  C L(0 - 10) 
ttbar_Mt_alphaCB =  0.71069 +/- 0.028976  C L(0 - 10) 
ttbar_Mt_nCB =  14.980 +/- 2.4206  C L(0.2 - 15) 

other_Mt_mean =  99.944 +/- 81.504  C L(10 - 100) 
other_Mt_sigma =  55.728 +/- 5.2471  C L(10 - 100) 
other_Mt_alpha =  0.57713 +/- 1.5973  C L(0 - 10) 
other_Mt_alphaCB =  3.9697 +/- 6.2011  C L(0 - 10) 
other_Mt_nCB =  5.6833 +/- 9.2559  C L(0.2 - 15) 

sig_sinMHTphiJet_mean = -0.00636633 +/- 0.024352  C L(-1 - 1) 
sig_sinMHTphiJet_sigmaL =  0.24186 +/- 0.035846  C L(0 - 100) 
sig_sinMHTphiJet_sigmaR =  0.23442 +/- 0.034692  C L(0 - 100) 
sig_sinMHTphiJet_alphaL =  0.40966 +/- 0.077995  C L(0 - 1) 
sig_sinMHTphiJet_alphaR =  0.40320 +/- 0.069878  C L(0 - 1) 

ttbar_sinMHTphiJet_mean = -0.00768905 +/- 0.018573  C L(-1 - 1) 
ttbar_sinMHTphiJet_sigmaL =  0.28194 +/- 0.031216  C L(0 - 100) 
ttbar_sinMHTphiJet_sigmaR =  0.28998 +/- 0.029198  C L(0 - 100) 
ttbar_sinMHTphiJet_alphaL =  0.88310 +/- 0.080312  C L(0 - 100) 
ttbar_sinMHTphiJet_alphaR =  0.87961 +/- 0.075227  C L(0 - 100) 

other_sinMHTphiJet_mean =  0.020396 +/- 0.031808  C L(0 - 10)
other_sinMHTphiJet_sigmaL =  0.23062 +/- 0.041473  C L(0 - 10)
other_sinMHTphiJet_sigmaR =  0.18919 +/- 0.042362  C L(0 - 10)
other_sinMHTphiJet_alphaL =  0.65975 +/- 0.10858  C L(0 - 1)
other_sinMHTphiJet_alphaR =  0.74117 +/- 0.11308  C L(0 - 1)

bveto_acc_p1 =  1.0000 C L(-2 - 2)
bveto_acc_p2 =  0.0000 C L(-2 - 2)
bveto_rej_p1 = -1.000000 C L(-2 - 2)
bveto_rej_p2 =  0.0000 C L(-2 - 2)

N_sig =  292 +/- 220.00  L(-100 - 900000)
eff_sig =  0.508 +/- 0.0022246 C L(0 - 1)

N_ttbar =  394 +/- 50.000  L(-500 - 10000)
eff_ttbar =  0.103 +/- 0.0010562 C L(0 - 1)

N_other =  67 +/- 20.855 L(-500 - 10000)
eff_other =  0.421 +/- 0.0013478 C L(0 - 1)

   [Observables]

Mt             = 90 C L(30 - 250)      // [GeV]
sinMHTphiJet   = 0  C L(-0.85 - 0.85)
BVETO          = 1  C L(-1 - 1)
