
   [Parameters]

sig_Mass_mean =  91.111 +/- 0.10488 L(0 - 120) 
sig_Mass_sigmaL =  2.4314 +/- 0.085465 L(0 - 1000) 
sig_Mass_sigmaR =  1.6937 +/- 0.083914 L(0 - 1000) 
sig_Mass_alphaL =  0.20401 +/- 0.0049926 L(0 - 1000) 
sig_Mass_alphaR =  0.21994 +/- 0.0071414 L(0 - 1000) 

ttbarbkg_Mass_p1 = -0.0287410 +/- 0.0049272 C L(-1000 - 1000) 
ttbarbkg_Mass_p2 =  0.00016387 +/- 0.000032771 C L(-200 - 200) 

N_sig =  1543  L(0 - 10000) 
N_ttbarbkg =  38  L(-100 - 10000) 

   [Observables]

invMass =  90 C L(60 - 110)      // [GeV]
