
   [Parameters]

sig_Mass_mean =    91.445  +/- 0.13106     L(0 - 120)
sig_Mass_sigmaL =  2.7123  +/- 0.11949     L(0 - 1000)
sig_Mass_sigmaR =  1.6286  +/- 0.10205     L(0 - 1000)
sig_Mass_alphaL =  0.19977 +/- 0.0068787   L(0 - 1000)
sig_Mass_alphaR =  0.22277 +/- 0.0091767   L(0 - 1000)

bkg_Mass_p1 =     10.143 +/- 18.710  C L(-100 - 100)
bkg_Mass_p2 = -0.0667578 +/- 0.12385 C L(-100 - 100)


sig_sinMHTphiMET_mean =  0.0061472 +/- 0.013447  L(-0.85 - 0.85)
sig_sinMHTphiMET_sigmaL =  0.16159 +/- 0.013621  L(0.05 - 0.6)
sig_sinMHTphiMET_sigmaR =  0.15345 +/- 0.013538  L(-0.85 - 0.85)
sig_sinMHTphiMET_alphaL =  0.32157 +/- 0.023646  L(0.05 - 0.8)
sig_sinMHTphiMET_alphaR =  0.33666 +/- 0.023734  L(0.1 - 0.8)

bkg_sinMHTphiMET_p1 = -0.0400616 +/- 0.074352 C L(-100 - 100)
bkg_sinMHTphiMET_p2 =  0.0000   C L(-100 - 100)


N_sig =  747  L(0 - 10000)
N_bkg =  27   L(-100 - 10000)


   [Observables]

mass         =  90 C L(60 - 110)      // [GeV]
sinMHTphiMET =   0 C L(-0.85 - 0.85)
