
   [Parameters]

sig_Mass_mean =  91.191 +/- 0.32112  C L(0 - 120) 
sig_Mass_sigmaL =  2.6168 +/- 0.24934  C L(0 - 1000) 
sig_Mass_sigmaR =  1.8526 +/- 0.26677  C L(0 - 1000) 
sig_Mass_alphaL =  0.21527 +/- 0.013786 C L(0 - 1000) 
sig_Mass_alphaR =  0.19870 +/- 0.022002 C L(0 - 1000) 

sig_sinMHTphiMET_mean1 =  0.0065373 +/- 0.0098339 C L(-0.85 - 0.85) 
sig_sinMHTphiMET_mean2 = -0.00207051 +/- 0.027058 C L(-0.85 - 0.85) 
sig_sinMHTphiMET_sigma1 =  0.13022 +/- 0.015187 C L(0.05 - 0.6) 
sig_sinMHTphiMET_sigma2 =  0.44955 +/- 0.053169 C L(0.05 - 0.8) 
sig_sinMHTphiMET_f1 =  0.49445 +/- 0.071024 C L(0.1 - 0.8) 

ttbarbkg_Mass_p1 = -1.79214 +/- 4.0540 C L(-1000 - 1000) 
ttbarbkg_Mass_p2 =  0.010489 +/- 0.023743 C L(-200 - 200) 

ttbarbkg_sinMHTphiMET_p1 = -0.0276432 +/- 0.064792 C L(-10 - 10) 
ttbarbkg_sinMHTphiMET_p2 =  0.0000 +/- 0.10000 C L(-10 - 10) 

N_sig =  228  L(0 - 10000)
N_ttbarbkg =  18  L(-100 - 10000)

   [Observables]

invMass =  90 C L(60 - 110)      // [GeV]
sinMHTphiMET = 0 C L(-0.85 - 0.85)
