
   [Parameters]

sig_Mass_mean =    90.851  +/- 1.0627    C L(0 - 120)
sig_Mass_sigmaL =  2.9675  +/- 0.95290   C L(0 - 1000)
sig_Mass_sigmaR =  2.4646  +/- 1.0430    C L(0 - 1000)
sig_Mass_alphaL =  0.20766 +/- 0.050483  C L(0 - 1000)
sig_Mass_alphaR =  0.22407 +/- 0.082603  C L(0 - 1000)

bkg_Mass_p1 =     10.643 +/- 34.965  C L(-100 - 100)
bkg_Mass_p2 = -0.0629352 +/- 0.21147 C L(-100 - 100)


#parameters taken from 3 track jets
sig_sinMHTphiMET_mean =  0.0054465 +/- 0.035804  C L(-0.85 - 0.85)
sig_sinMHTphiMET_sigmaL =  0.14735 +/- 0.032796  C L(0.05 - 0.6)
sig_sinMHTphiMET_sigmaR =  0.15076 +/- 0.035523  C L(-0.85 - 0.85)
sig_sinMHTphiMET_alphaL =  0.36108 +/- 0.054047  C L(0.05 - 0.8)
sig_sinMHTphiMET_alphaR =  0.37278 +/- 0.058987  C L(0.1 - 0.8)

bkg_sinMHTphiMET_p1 = -0.220329 +/- 0.20566  C L(-100 - 100)
bkg_sinMHTphiMET_p2 =  0.0000  C L(-100 - 100)


N_sig =  29   L(-100 - 10000)
N_bkg =  4    L(-100 - 10000)


   [Observables]

mass         =  90 C L(60 - 110)      // [GeV]
sinMHTphiMET =   0 C L(-1.0 - 1.0)
