
   [Parameters]

sig_Mass_mean =  91.602 +/- 0.45927 L(0 - 120) 
sig_Mass_sigmaL =  3.0391 +/- 0.42203 L(0 - 1000) 
sig_Mass_sigmaR =  1.7170 +/- 0.34606 L(0 - 1000) 
sig_Mass_alphaL =  0.16883 +/- 0.024011 C L(0 - 1000) 
sig_Mass_alphaR =  0.23271 +/- 0.029268 C L(0 - 1000) 

ttbarbkg_Mass_p1 = -0.591428 +/- 4.7304 C L(-1000 - 1000) 
ttbarbkg_Mass_p2 =  0.0039182 +/- 0.031557 C L(-200 - 200) 

N_sig =  305  L(0 - 10000)
N_ttbarbkg =  14  L(-100 - 10000)

   [Observables]

invMass =  90 C L(60 - 110)      // [GeV]
CSA07weight  = 0.001 C L(0. - 100.)
