
   [Parameters]

sig_Mass_mean =  91.191 +/- 0.32112  L(0 - 120) 
sig_Mass_sigmaL =  2.6168 +/- 0.24934  L(0 - 1000) 
sig_Mass_sigmaR =  1.8526 +/- 0.26677  L(0 - 1000) 
sig_Mass_alphaL =  0.21527 +/- 0.013786 C L(0 - 1000) 
sig_Mass_alphaR =  0.19870 +/- 0.022002 C L(0 - 1000) 

ttbarbkg_Mass_p1 = -1.79214 +/- 4.0540 C L(-1000 - 1000) 
ttbarbkg_Mass_p2 =  0.010489 +/- 0.023743 C L(-200 - 200) 

N_sig =  228  L(0 - 10000)
N_ttbarbkg =  18  L(-100 - 10000)

   [Observables]

invMass =  90 C L(60 - 110)      // [GeV]
