
   [Parameters]

sig_Mass_mean =  88.049 +/- 2.4976 C L(0 - 120) 
sig_Mass_sigmaL =  1.5909 +/- 1.2400 C L(0 - 1000) 
sig_Mass_sigmaR =  5.1785 +/- 1.4296 C L(0 - 1000) 
sig_Mass_alphaL =  0.26134 +/- 0.043774 C L(0 - 1000) 
sig_Mass_alphaR =  0.0000017898 +/- 0.69843 C L(0 - 1000) 

ttbarbkg_Mass_p1 = -1.06626 +/- 11.518 L(-1000 - 1000) 
ttbarbkg_Mass_p2 =  0.0045451 +/- 0.048663 L(-200 - 200) 

N_sig =  31  L(0 - 10000)
N_ttbarbkg =  5  L(-100 - 10000)


   [Observables]

invMass =  90 C L(60 - 110)      // [GeV]

