
   [Parameters]

sig_Mass_mean =  91.548 +/- 0.17973 L(0 - 120) 
sig_Mass_sigmaL =  2.9621 +/- 0.16606 L(0 - 1000) 
sig_Mass_sigmaR =  1.7166 +/- 0.13596 L(0 - 1000) 
sig_Mass_alphaL =  0.16614 +/- 0.0097342 L(0 - 1000) 
sig_Mass_alphaR =  0.22227 +/- 0.011787 L(0 - 1000) 

ttbarbkg_Mass_p1 = -0.965404 +/- 5.2763 C L(-1000 - 1000) 
ttbarbkg_Mass_p2 =  0.0065235 +/- 0.035824 C L(-200 - 200) 

N_sig =  1725  L(0 - 10000) 
N_ttbarbkg =  26  L(-100 - 10000) 

   [Observables]

invMass =  90 C L(60 - 110)      // [GeV]
CSA07weight  = 0.001 C L(0. - 100.) 
