
   [Parameters]

sig_Mass_mean =  91.111 +/- 0.10488 C L(0 - 120) 
sig_Mass_sigmaL =  2.4314 +/- 0.085465 C L(0 - 1000) 
sig_Mass_sigmaR =  1.6937 +/- 0.083914 C L(0 - 1000) 
sig_Mass_alphaL =  0.20401 +/- 0.0049926 C L(0 - 1000) 
sig_Mass_alphaR =  0.21994 +/- 0.0071414 C L(0 - 1000) 

sig_sinMHTphiMET_mean1 =  0.000024308 +/- 0.0025749 L(-0.85 - 0.85) 
sig_sinMHTphiMET_mean2 =  0.013057 +/- 0.0086398 L(-0.85 - 0.85) 
sig_sinMHTphiMET_sigma1 =  0.12141 +/- 0.0037740 L(0.05 - 0.6) 
sig_sinMHTphiMET_sigma2 =  0.34069 +/- 0.012975 L(0.05 - 0.8) 
sig_sinMHTphiMET_f1 =  0.66037 +/- 0.025576 L(0.1 - 0.8) 

ttbarbkg_Mass_p1 = -0.0287410 +/- 0.0049272 C L(-1000 - 1000) 
ttbarbkg_Mass_p2 =  0.00016387 +/- 0.000032771 C L(-200 - 200) 

ttbarbkg_sinMHTphiMET_p1 = -0.0276432 +/- 0.064792 C L(-10 - 10) 
ttbarbkg_sinMHTphiMET_p2 =  0.0000 +/- 0.10000 C L(-10 - 10) 

N_sig =  3192  L(0 - 10000) 
N_ttbarbkg =  27  L(-100 - 10000) 

   [Observables]

invMass =  90 C L(60 - 110)      // [GeV]
sinMHTphiMET = 0 C L(-0.85 - 0.85)
