
   [Parameters]

sig_Mass_mean =    91.268  +/- 0.056713  C L(0 - 120)
sig_Mass_sigmaL =  2.7094  +/- 0.050995  C L(0 - 1000)
sig_Mass_sigmaR =  1.7417  +/- 0.044842  C L(0 - 1000)
sig_Mass_alphaL =  0.20332 +/- 0.0029179 C L(0 - 1000)
sig_Mass_alphaR =  0.21143 +/- 0.0039739 C L(0 - 1000)

bkg_Mass_p1 =     10.156 +/- 7.3148   L(-100 - 100)
bkg_Mass_p2 = -0.0666683 +/- 0.048291 L(-100 - 100)


sig_sinMHTphiMET_mean =    0.00082604 +/- 0.0056893  C L(-0.85 - 0.85)
sig_sinMHTphiMET_sigmaL =  0.15369    +/- 0.0056019  C L(0.05 - 0.6)
sig_sinMHTphiMET_sigmaR =  0.15025    +/- 0.0055906  C L(-0.85 - 0.85)
sig_sinMHTphiMET_alphaL =  0.32148    +/- 0.0095790  C L(0.05 - 0.8)
sig_sinMHTphiMET_alphaR =  0.33855    +/- 0.0096044  C L(0.1 - 0.8)

bkg_sinMHTphiMET_p1 = -0.0179957 +/- 0.064391 C L(-100 - 100)
bkg_sinMHTphiMET_p2 =  0.0000 +/- 0.30000     C L(-100 - 100)


N_sig =  4525  L(0 - 10000)
N_bkg =  71    L(-100 - 10000)


   [Observables]

mass         =  90 C L(60 - 110)      // [GeV]
sinMHTphiMET =   0 C L(-1.0 - 1.0)
