
   [Parameters]

sig_Mass_mean =    91.289  +/- 0.21575  C L(0 - 120)
sig_Mass_sigmaL =  2.5025  +/- 0.19700  C L(0 - 1000)
sig_Mass_sigmaR =  1.7611  +/- 0.17862  C L(0 - 1000)
sig_Mass_alphaL =  0.21806 +/- 0.011496 C L(0 - 1000)
sig_Mass_alphaR =  0.21280 +/- 0.016299 C L(0 - 1000)

bkg_Mass_p1 =  10.434    +/- 19.290  L(-100 - 100)
bkg_Mass_p2 = -0.0647107 +/- 0.12039 L(-100 - 100)


sig_sinMHTphiMET_mean =    0.018922 +/- 0.018456 C L(-0.85 - 0.85)
sig_sinMHTphiMET_sigmaL =  0.15006  +/- 0.018579 C L(0.05 - 0.6)
sig_sinMHTphiMET_sigmaR =  0.12701  +/- 0.018091 C L(-0.85 - 0.85)
sig_sinMHTphiMET_alphaL =  0.29112  +/- 0.032451 C L(0.05 - 0.8)
sig_sinMHTphiMET_alphaR =  0.31533  +/- 0.032291 C L(0.1 - 0.8)

bkg_sinMHTphiMET_p1 = -0.0418016 +/- 0.095185  C L(-100 - 100)
bkg_sinMHTphiMET_p2 =  0.0000  C L(-100 - 100)


N_sig =  260   L(0 - 10000)
N_bkg =  24    L(-100 - 10000)


   [Observables]

mass         =  90 C L(60 - 110)      // [GeV]
sinMHTphiMET =   0 C L(-1.0 - 1.0)
