
   [Parameters]

sig_Mass_mean =  88.049 +/- 2.4976 C L(0 - 120) 
sig_Mass_sigmaL =  1.5909 +/- 1.2400 C L(0 - 1000) 
sig_Mass_sigmaR =  5.1785 +/- 1.4296 C L(0 - 1000) 
sig_Mass_alphaL =  0.26134 +/- 0.043774 C L(0 - 1000) 
sig_Mass_alphaR =  0.0000017898 +/- 0.69843 C L(0 - 1000) 

sig_sinMHTphiMET_mean1 =  0.030820 +/- 0.022315 C L(-0.85 - 0.85) 
sig_sinMHTphiMET_mean2 = -0.316760 +/- 0.29634 C L(-0.85 - 0.85) 
sig_sinMHTphiMET_sigma1 =  0.16903 +/- 0.021149 C L(0.05 - 0.6) 
sig_sinMHTphiMET_sigma2 =  0.79999 +/- 0.74858 C L(0.05 - 0.8) 
sig_sinMHTphiMET_f1 =  0.74290 +/- 0.074464 C L(0.1 - 0.8) 

ttbarbkg_Mass_p1 = -1.06626 +/- 11.518 C L(-1000 - 1000) 
ttbarbkg_Mass_p2 =  0.0045451 +/- 0.048663 C L(-200 - 200) 

ttbarbkg_sinMHTphiMET_p1 = -0.0276432 +/- 0.064792 C L(-10 - 10) 
ttbarbkg_sinMHTphiMET_p2 =  0.0000 +/- 0.10000 C L(-10 - 10) 

N_sig =  33  L(0 - 10000)
N_ttbarbkg =  4  L(-100 - 10000)


   [Observables]

invMass =  90 C L(60 - 110)      // [GeV]
sinMHTphiMET = 0 C L(-0.85 - 0.85)

