
   [Parameters]
sig_PfMt_mean1 =  76.628 +/- 0.46471 L(10 - 100) 
sig_PfMt_sigmaL1 =  15.156 +/- 2.2828 L(0 - 100) 
sig_PfMt_sigmaR =  6.2383 +/- 0.26513 L(0 - 30) 
sig_PfMt_alphaL1 =  0.018927 +/- 0.039864 L(0.01 - 1) 
sig_PfMt_alphaR =  0.13539 +/- 0.0065260 L(0 - 100) 
sig_PfMt_mean2 =  50.926 +/- 0.24948 L(10 - 51) 
sig_PfMt_sigmaL2 =  9.7030 +/- 1.0806 L(0 - 100) 
sig_PfMt_alphaL2 =  0.22191 +/- 0.068828 L(0 - 100) 
sig_PfMt_f1 =  0.84886 +/- 0.060248 L(0.1 - 1) 
qcd_PfMt_mean =  70.724 +/- 0.16802 C L(10 - 100) 
qcd_PfMt_sigmaL =  1.3100 +/- 0.012324 C L(0 - 10) 
qcd_PfMt_sigmaR =  0.31004 +/- 0.012324 C L(0 - 10) 
qcd_PfMt_alphaL =  0.49394 +/- 0.013039 C L(0 - 10) 
qcd_PfMt_alphaR =  0.49394 +/- 0.013039 C L(0 - 10) 
other_PfMt_mean =  70.724 +/- 0.16802 C L(10 - 100) 
other_PfMt_sigmaL =  0.31004 +/- 0.012324 C L(0 - 10) 
other_PfMt_sigmaR =  0.31004 +/- 0.012324 C L(0 - 10) 
other_PfMt_alphaL =  0.49394 +/- 0.013039 C L(0 - 10) 
other_PfMt_alphaR =  0.49394 +/- 0.013039 C L(0 - 10) 
N_sig =  9990.4 +/- 99.146 L(0 - 900000) 
N_qcd =  0.0000 +/- 50.000 C L(-500 - 10000) 
N_other =  0.0000 +/- 50.000 C L(-500 - 10000) 

   [Observables]
