
   [Parameters]
sig_Mass_mean =  68.986 +/- 0.75615 L(50 - 100) 
sig_Mass_sigma0 =  24.532 +/- 1.1192 L(1 - 100) 
sig_Mass_sigma1 =  9.6814 +/- 1.1441 L(1 - 100) 
sig_Mass_alpha = -0.233473 +/- 0.037268 L(-10 - 0) 
sig_Mass_N =  102.20 +/- 174.29 L(0 - 300) 
sig_Mass_f1 =  0.45998 +/- 0.034360 L(0 - 1) 
zeeBkg_Mass_mean =  70.000 C L(50 - 100) 
zeeBkg_Mass_sigma0 =  90.000 C L(1 - 100) 
zeeBkg_Mass_sigma1 =  90.000 C L(1 - 100) 
zeeBkg_Mass_alpha = -5.00000 C L(-10 - 0) 
zeeBkg_Mass_N =  100.00 C L(0 - 300) 
zeeBkg_Mass_f1 =  0.50000 C L(0 - 1) 
ttbarBkg_Mass_mean =  70.000 C L(50 - 100) 
ttbarBkg_Mass_sigma0 =  90.000 C L(1 - 100) 
ttbarBkg_Mass_sigma1 =  90.000 C L(1 - 100) 
ttbarBkg_Mass_alpha = -5.00000 C L(-10 - 0) 
ttbarBkg_Mass_N =  100.00 C L(0 - 300) 
ttbarBkg_Mass_f1 =  0.50000 C L(0 - 1) 
qcdBkg_Mass_p1 =  1.0000 C L(-INF - +INF) 
qcdBkg_Mass_p2 =  1.0000 C L(-INF - +INF) 
N_sig =  5546.6 +/- 74.473 L(-1000 - 1e+06) 
N_zeeBkg =  0.0000 C L(-INF - +INF) 
N_ttbarBkg =  0.0000 C L(-INF - +INF) 
N_qcdBkg =  0.0000 C L(-INF - +INF) 

   [Observables]
