
   [Parameters]
sig_Mass_mean =  79.139 +/- 0.76029 C L(0 - 300) 
sig_Mass_sigmaL =  17.546 +/- 0.73599 C L(1 - 100) 
sig_Mass_sigmaR =  39.642 +/- 0.71501 C L(1 - 100) 
sig_Mass_alphaL =  0.18656 +/- 0.013303 C L(0 - 100) 
sig_Mass_alphaR =  0.12188 +/- 0.0053125 C L(0 - 100) 
zeeBkg_Mass_mean1 =  69.540 +/- 4.8395 C L(0 - 300) 
zeeBkg_Mass_sigmaL1 =  17.546 +/- 0.73599 C L(1 - 100) 
zeeBkg_Mass_sigmaR1 =  39.642 +/- 0.71501 C L(1 - 100) 
zeeBkg_Mass_alphaL1 =  0.0000 C L(0 - 1) 
zeeBkg_Mass_alphaR1 =  0.17907 +/- 0.082418 C L(0 - 1) 
zeeBkg_Mass_mean2 =  34.616 +/- 9.6429 C L(0 - 300) 
zeeBkg_Mass_sigmaL2 =  20.000 +/- 2.2737 C L(10 - 100) 
zeeBkg_Mass_sigmaR2 =  73.281 +/- 62.944 C L(10 - 100) 
zeeBkg_Mass_alphaL2 =  0.0000 C L(0 - 1) 
zeeBkg_Mass_alphaR2 =  0.050185 +/- 0.75482 C L(0 - 1) 
zeeBkg_Mass_f1 =  0.63022 +/- 0.24762 C L(0 - 1) 
ttbarBkg_Mass_mean =  76.254 +/- 0.14885 L(0 - 300) 
ttbarBkg_Mass_sigmaL =  23.870 +/- 3.1309 L(1 - 100) 
ttbarBkg_Mass_sigmaR =  44.090 +/- 1.9840 L(1 - 100) 
ttbarBkg_Mass_alphaL =  0.15115 +/- 0.71630 L(0 - 100) 
ttbarBkg_Mass_alphaR =  0.20631 +/- 0.020549 L(0 - 100) 
qcdBkg_Mass_p1 =  1.0000 C L(-INF - +INF) 
qcdBkg_Mass_p2 =  1.0000 C L(-INF - +INF) 
N_sig =  0.0000 C L(-1000 - 1e+06) 
N_zeeBkg =  0.0000 C L(-1000 - 10000) 
N_ttbarBkg = -852675 +/- 1700.8 L(-INF - +INF) 
N_qcdBkg =  0.0000 C L(-INF - +INF) 

   [Observables]
