
   [Parameters]
sig_PfMt_mean1 =  76.730 +/- 0.13498 C L(50 - 100) 
sig_PfMt_sigmaL1 =  10.049 +/- 0.20856 C L(5 - 50) 
sig_PfMt_sigmaR1 =  7.4657 +/- 0.12408 C L(5 - 50) 
sig_PfMt_alphaL1 =  0.23279 +/- 0.014155 C L(0.1 - 0.5) 
sig_PfMt_alphaR1 =  0.13409 +/- 0.0041520 C L(0 - 0.5) 
sig_PfMt_mean2 =  54.994 +/- 0.41729 C L(30 - 80) 
sig_PfMt_sigmaL2 =  24.114 +/- 9.0809 C L(10 - 60) 
sig_PfMt_sigmaR2 =  26.008 +/- 0.39526 C L(10 - 60) 
sig_PfMt_alphaL2 =  0.14758 +/- 0.62585 C L(0.1 - 0.5) 
sig_PfMt_alphaR2 =  0.066254 +/- 0.0057753 C L(0 - 0.5) 
sig_PfMt_f1 =  0.56601 +/- 0.010027 C L(0 - 1) 
qcd_PfMt_mean1 =  28.000 +/- 0.36296 C L(10 - 100) 
qcd_PfMt_mean2 =  28.000 +/- 0.36296 C L(10 - 100) 
qcd_PfMt_sigma1 =  9.6890 +/- 0.66026 C L(0 - 100) 
qcd_PfMt_sigma2 =  12.472 +/- 0.22534 C L(0 - 30) 
qcd_PfMt_f1 =  0.76000 +/- 0.0096818 C L(0 - 1) 
other_PfMt_mean1 =  76.151 +/- 18.429 L(50 - 100) 
other_PfMt_sigmaL1 =  20.433 +/- 17.638 L(5 - 50) 
other_PfMt_sigmaR1 =  10.576 +/- 11.617 L(5 - 50) 
other_PfMt_alphaL1 =  0.49990 +/- 0.091895 L(0.1 - 0.5) 
other_PfMt_alphaR1 =  0.19940 +/- 0.20256 L(0 - 0.5) 
other_PfMt_mean2 =  56.482 +/- 20.948 L(30 - 80) 
other_PfMt_sigmaL2 =  42.038 +/- 20.183 L(10 - 60) 
other_PfMt_sigmaR2 =  43.330 +/- 19.747 L(10 - 60) 
other_PfMt_alphaL2 =  0.50000 +/- 0.091934 L(0.1 - 0.5) 
other_PfMt_alphaR2 =  0.072529 +/- 0.14810 L(0 - 0.5) 
other_PfMt_f1 =  0.76678 +/- 0.35034 L(0 - 1) 
N_sig =  0.0000 +/- 220.00 C L(-100 - 900000) 
N_qcd =  0.0000 +/- 50.000 C L(-500 - 10000) 
N_other =  0.0000016593 +/- 0.49989 L(0 - 10000) 

   [Observables]
