
   [Parameters]
sig_Mt_mean =  70.724 +/- 0.16802 C L(10 - 100) 
sig_Mt_sigma =  12.698 +/- 0.26064 C L(10 - 100) 
sig_Mt_alpha =  0.31004 +/- 0.012324 C L(0 - 10) 
sig_Mt_alphaCB =  0.49394 +/- 0.013039 C L(0 - 10) 
sig_Mt_nCB =  53.904 +/- 22.143 C L(0.2 - 1000) 
ttbar_Mt_mean =  70.482 +/- 0.18047 L(10 - 100) 
ttbar_Mt_sigma =  20.100 +/- 0.19778 L(10 - 100) 
ttbar_Mt_alpha =  0.33877 +/- 0.0070525 L(0 - 10) 
ttbar_Mt_alphaCB =  0.66293 +/- 0.0017165 L(0 - 10) 
ttbar_Mt_nCB =  13.550 +/- 1.2675 L(0.2 - 15) 
other_Mt_mean =  39.835 +/- 2.8280 C L(10 - 100) 
other_Mt_sigma =  25.019 +/- 2.8061 C L(10 - 100) 
other_Mt_alpha =  10.000 +/- 8.8779 C L(0 - 10) 
other_Mt_alphaCB =  1.2026 +/- 0.19156 C L(0 - 10) 
other_Mt_nCB =  8.5963 +/- 4.5446 C L(0.2 - 15) 
sig_sinMHTphiJet_mean = -0.00357889 +/- 0.0034977 C L(-1 - 1) 
sig_sinMHTphiJet_sigmaL =  0.16843 +/- 0.0033046 C L(0 - 100) 
sig_sinMHTphiJet_sigmaR =  0.17089 +/- 0.0034240 C L(0 - 100) 
sig_sinMHTphiJet_alphaL =  0.27691 +/- 0.0055494 C L(0 - 1) 
sig_sinMHTphiJet_alphaR =  0.27870 +/- 0.0057192 C L(0 - 1) 
ttbar_sinMHTphiJet_mean =  0.0099323 +/- 0.0084888 L(-1 - 1) 
ttbar_sinMHTphiJet_sigmaL =  0.28234 +/- 0.010965 L(0 - 100) 
ttbar_sinMHTphiJet_sigmaR =  0.25413 +/- 0.010120 L(0 - 100) 
ttbar_sinMHTphiJet_alphaL =  0.55039 +/- 0.021443 L(0 - 100) 
ttbar_sinMHTphiJet_alphaR =  0.58594 +/- 0.020129 L(0 - 100) 
other_sinMHTphiJet_mean =  0.0000 C L(0 - 10) 
other_sinMHTphiJet_sigmaL =  0.21616 +/- 0.021072 C L(0 - 10) 
other_sinMHTphiJet_sigmaR =  0.20123 +/- 0.018254 C L(0 - 10) 
other_sinMHTphiJet_alphaL =  0.49509 +/- 0.057168 C L(0 - 1) 
other_sinMHTphiJet_alphaR =  0.54183 +/- 0.051305 C L(0 - 1) 
bveto_acc_p1 =  1.0000 C L(-2 - 2) 
bveto_acc_p2 =  0.0000 C L(-2 - 2) 
bveto_rej_p1 = -1.000000 C L(-2 - 2) 
bveto_rej_p2 =  0.0000 C L(-2 - 2) 
N_sig =  0.0000 +/- 50.000 C L(-100 - 900000) 
eff_sig =  0.60246 +/- 0.0022246 C L(-2 - 2) 
N_ttbar =  47700 +/- 218.41 L(-500 - 100000) 
eff_ttbar =  0.056402 +/- 0.0010562 L(-2 - 2) 
N_other =  0.0000 +/- 50.000 C L(-500 - 10000) 
eff_other =  0.69000 +/- 0.50000 C L(-2 - 2) 

   [Observables]

Mt             = 90 C L(30 - 250)      // [GeV]
sinMHTphiJet   = 0  C L(-0.85 - 0.85)
BVetoTightCat  = 1  C L(-1 - 1)
BVetoMediumCat = 1  C L(-1 - 1)
BVetoLooseCat  = 1  C L(-1 - 1)
