
   [Parameters]
sig_Mass_mean =  79.139 +/- 0.76029 C L(0 - 300) 
sig_Mass_sigmaL =  17.546 +/- 0.73599 C L(1 - 100) 
sig_Mass_sigmaR =  39.642 +/- 0.71501 C L(1 - 100) 
sig_Mass_alphaL =  0.18656 +/- 0.013303 C L(0 - 100) 
sig_Mass_alphaR =  0.12188 +/- 0.0053125 C L(0 - 100) 
zeeBkg_Mass_mean1 =  66.696 +/- 3.5896 L(0 - 300) 
zeeBkg_Mass_sigmaL1 =  13.474 +/- 3.6436 L(1 - 100) 
zeeBkg_Mass_sigmaR1 =  37.172 +/- 4.0810 L(1 - 100) 
zeeBkg_Mass_alphaL1 =  0.0000 C L(0 - 1) 
zeeBkg_Mass_alphaR1 =  0.14362 +/- 0.099167 L(0 - 1) 
zeeBkg_Mass_mean2 =  30.668 +/- 7.1113 L(0 - 300) 
zeeBkg_Mass_sigmaL2 =  15.217 +/- 4.0703 L(10 - 100) 
zeeBkg_Mass_sigmaR2 =  88.764 +/- 12.950 L(10 - 100) 
zeeBkg_Mass_alphaL2 =  0.0000 C L(0 - 1) 
zeeBkg_Mass_alphaR2 =  0.00000012890 +/- 0.16039 L(0 - 1) 
zeeBkg_Mass_f1 =  0.53021 +/- 0.097877 L(0 - 1) 
ttbarBkg_Mass_mean =  0.10000 C L(-INF - +INF) 
ttbarBkg_Mass_sigmaL =  0.10000 C L(-INF - +INF) 
ttbarBkg_Mass_sigmaR =  0.10000 C L(-INF - +INF) 
ttbarBkg_Mass_alphaL =  0.10000 C L(-INF - +INF) 
ttbarBkg_Mass_alphaR =  0.10000 C L(-INF - +INF) 
qcdBkg_Mass_p1 =  1.0000 C L(-INF - +INF) 
qcdBkg_Mass_p2 =  1.0000 C L(-INF - +INF) 
N_sig =  0.0000 C L(-1000 - 1e+06) 
N_zeeBkg =  1999.0 +/- 44.710 L(-1000 - 10000) 
N_ttbarBkg =  0.0000 C L(-INF - +INF) 
N_qcdBkg =  0.0000 C L(-INF - +INF) 

   [Observables]
