
   [Parameters]
sig_PfMt_mean1 =  76.429 +/- 7.1049 L(50 - 100) 
sig_PfMt_sigmaL1 =  11.101 +/- 9.4645 L(0 - 100) 
sig_PfMt_sigmaR1 =  7.8205 +/- 5.3704 L(0 - 30) 
sig_PfMt_alphaL1 =  0.13087 +/- 0.55844 L(0.01 - 1) 
sig_PfMt_alphaR1 =  0.15524 +/- 0.19505 L(0 - 100) 
sig_PfMt_mean2 =  54.996 +/- 5.7445 L(30 - 55) 
sig_PfMt_sigmaL2 =  21.662 +/- 53.068 L(0 - 100) 
sig_PfMt_sigmaR2 =  11.366 +/- 24.126 L(0 - 30) 
sig_PfMt_alphaL2 =  0.56980 +/- 0.76705 L(0.01 - 1) 
sig_PfMt_alphaR2 =  0.089725 +/- 8.7001 L(0 - 100) 
sig_PfMt_f1 =  0.70744 +/- 0.28836 L(0 - 1) 
qcd_PfMt_mean1 =  10.010 +/- 87.482 C L(10 - 100) 
qcd_PfMt_mean2 =  10.001 +/- 55.769 C L(10 - 100) 
qcd_PfMt_sigma1 =  28.909 +/- 16.917 L(20 - 100) 
qcd_PfMt_sigma2 =  24.645 +/- 7.4518 L(10 - 30) 
qcd_PfMt_f1 =  0.25477 +/- 0.22236 C L(0 - 1) 
other_PfMt_mean1 =  76.348 +/- 10.949 C L(50 - 100) 
other_PfMt_sigmaL1 =  10.869 +/- 10.901 C L(5 - 50) 
other_PfMt_sigmaR1 =  8.1816 +/- 7.8221 C L(5 - 50) 
other_PfMt_alphaL1 =  0.28269 +/- 0.16626 C L(0.1 - 0.5) 
other_PfMt_alphaR1 =  0.20535 +/- 0.14982 C L(0 - 0.5) 
other_PfMt_mean2 =  56.114 +/- 18.908 C L(30 - 80) 
other_PfMt_sigmaL2 =  28.315 +/- 20.027 C L(10 - 60) 
other_PfMt_sigmaR2 =  28.126 +/- 16.509 C L(10 - 60) 
other_PfMt_alphaL2 =  0.50000 +/- 0.24581 C L(0.1 - 0.5) 
other_PfMt_alphaR2 =  0.090402 +/- 0.15661 C L(0 - 0.5) 
other_PfMt_f1 =  0.50840 +/- 0.34445 C L(0 - 1) 
N_sig =  4.0041 +/- 2.0015 L(0 - 900000) 
N_qcd =  0.0000 +/- 50.000 C L(-10 - 10000) 
N_other =  0.0000 +/- 50.000 C L(-10 - 10000) 

   [Observables]
