
   [Parameters]
sig_Mass_mean =  70.000 C L(50 - 100) 
sig_Mass_sigma0 =  90.000 C L(1 - 100) 
sig_Mass_sigma1 =  90.000 C L(1 - 100) 
sig_Mass_alpha = -5.00000 C L(-10 - 0) 
sig_Mass_N =  100.00 C L(0 - 300) 
sig_Mass_f1 =  0.50000 C L(0 - 1) 
zeeBkg_Mass_mean =  63.731 +/- 5.2614 L(50 - 100) 
zeeBkg_Mass_sigma0 =  55.835 +/- 4.5539 L(1 - 100) 
zeeBkg_Mass_sigma1 =  10.395 +/- 5.7205 L(1 - 100) 
zeeBkg_Mass_alpha = -0.296346 +/- 0.32877 L(-10 - 0) 
zeeBkg_Mass_N =  2.5134 +/- 3.0465 L(0 - 300) 
zeeBkg_Mass_f1 =  0.69332 +/- 0.10166 L(0 - 1) 
ttbarBkg_Mass_mean =  70.000 C L(50 - 100) 
ttbarBkg_Mass_sigma0 =  90.000 C L(1 - 100) 
ttbarBkg_Mass_sigma1 =  90.000 C L(1 - 100) 
ttbarBkg_Mass_alpha = -5.00000 C L(-10 - 0) 
ttbarBkg_Mass_N =  100.00 C L(0 - 300) 
ttbarBkg_Mass_f1 =  0.50000 C L(0 - 1) 
qcdBkg_Mass_p1 =  1.0000 C L(-INF - +INF) 
qcdBkg_Mass_p2 =  1.0000 C L(-INF - +INF) 
N_sig =  0.0000 C L(-1000 - 1e+06) 
N_zeeBkg =  929.05 +/- 30.481 L(-1000 - 10000) 
N_ttbarBkg =  0.0000 C L(-INF - +INF) 
N_qcdBkg =  0.0000 C L(-INF - +INF) 

   [Observables]
