
   [Parameters]
sig_PfMt_mean1 =  74.472 +/- 0.99208 L(50 - 100) 
sig_PfMt_sigmaL1 =  12.050 +/- 1.2003 L(0 - 100) 
sig_PfMt_sigmaR1 =  9.9380 +/- 0.82375 L(0 - 30) 
sig_PfMt_alphaL1 =  0.010000 +/- 0.87224 L(0.01 - 1) 
sig_PfMt_alphaR1 =  0.16829 +/- 0.025312 L(0 - 100) 
sig_PfMt_mean2 =  55.000 +/- 5.6600 L(30 - 55) 
sig_PfMt_sigmaL2 =  38.916 +/- 35.357 L(0 - 100) 
sig_PfMt_sigmaR2 =  6.2963 +/- 2.3017 L(0 - 30) 
sig_PfMt_alphaL2 =  0.99877 +/- 0.98695 L(0.01 - 1) 
sig_PfMt_alphaR2 =  0.00083234 +/- 1.2045 L(0 - 100) 
sig_PfMt_f1 =  0.74111 +/- 0.031238 L(0 - 1) 
qcd_PfMt_mean1 =  10.010 +/- 87.482 C L(10 - 100) 
qcd_PfMt_mean2 =  10.001 +/- 55.769 C L(10 - 100) 
qcd_PfMt_sigma1 =  28.909 +/- 44.454 L(20 - 100) 
qcd_PfMt_sigma2 =  24.645 +/- 7.4518 L(10 - 30) 
qcd_PfMt_f1 =  0.25477 +/- 0.22236 C L(0 - 1) 
other_PfMt_mean1 =  76.348 +/- 10.949 C L(50 - 100) 
other_PfMt_sigmaL1 =  10.869 +/- 10.901 C L(5 - 50) 
other_PfMt_sigmaR1 =  8.1816 +/- 7.8221 C L(5 - 50) 
other_PfMt_alphaL1 =  0.28269 +/- 0.16626 C L(0.1 - 0.5) 
other_PfMt_alphaR1 =  0.20535 +/- 0.14982 C L(0 - 0.5) 
other_PfMt_mean2 =  56.114 +/- 18.908 C L(30 - 80) 
other_PfMt_sigmaL2 =  28.315 +/- 20.027 C L(10 - 60) 
other_PfMt_sigmaR2 =  28.126 +/- 16.509 C L(10 - 60) 
other_PfMt_alphaL2 =  0.50000 +/- 0.24581 C L(0.1 - 0.5) 
other_PfMt_alphaR2 =  0.090402 +/- 0.15661 C L(0 - 0.5) 
other_PfMt_f1 =  0.50840 +/- 0.34445 C L(0 - 1) 
N_sig =  296.00 +/- 17.204 L(0 - 900000) 
N_qcd =  0.0000 +/- 50.000 C L(-10 - 10000) 
N_other =  0.0000 +/- 50.000 C L(-10 - 10000) 

   [Observables]
