
   [Parameters]
sig_Mt_mean =  71.020 +/- 0.33983 L(10 - 100) 
sig_Mt_sigma =  15.906 +/- 0.59848 L(10 - 100) 
sig_Mt_alpha =  0.14470 +/- 0.027917 L(0 - 10) 
sig_Mt_alphaCB =  0.63211 +/- 0.036030 L(0 - 10) 
sig_Mt_nCB =  14.071 +/- 3.1771 L(0.2 - 1000) 
ttbar_Mt_mean =  72.309 +/- 3.0000 C L(10 - 100) 
ttbar_Mt_sigma =  19.058 +/- 6.4124 C L(10 - 100) 
ttbar_Mt_alpha =  0.42148 +/- 0.25543 C L(0 - 10) 
ttbar_Mt_alphaCB =  0.83129 +/- 0.47165 C L(0 - 10) 
ttbar_Mt_nCB =  4.3988 +/- 4.6710 C L(0.2 - 15) 
other_Mt_mean =  39.835 +/- 2.8280 C L(10 - 100) 
other_Mt_sigma =  25.019 +/- 2.8061 C L(10 - 100) 
other_Mt_alpha =  10.000 +/- 8.8779 C L(0 - 10) 
other_Mt_alphaCB =  1.2026 +/- 0.19156 C L(0 - 10) 
other_Mt_nCB =  8.5963 +/- 4.5446 C L(0.2 - 15) 
sig_sinMHTphiJet_mean = -0.00668856 +/- 0.012569 L(-1 - 1) 
sig_sinMHTphiJet_sigmaL =  0.23015 +/- 0.016296 L(0 - 100) 
sig_sinMHTphiJet_sigmaR =  0.24526 +/- 0.016240 L(0 - 100) 
sig_sinMHTphiJet_alphaL =  0.77533 +/- 0.034038 L(0 - 1) 
sig_sinMHTphiJet_alphaR =  0.72683 +/- 0.033403 L(0 - 1) 
ttbar_sinMHTphiJet_mean =  0.0000 C L(-1 - 1) 
ttbar_sinMHTphiJet_sigmaL =  0.67136 +/- 0.56809 C L(0 - 100) 
ttbar_sinMHTphiJet_sigmaR =  0.58696 +/- 0.85974 C L(0 - 100) 
ttbar_sinMHTphiJet_alphaL =  0.95598 +/- 2.9891 C L(0 - 100) 
ttbar_sinMHTphiJet_alphaR =  2.3423 +/- 4.7497 C L(0 - 100) 
other_sinMHTphiJet_mean =  0.0000 C L(0 - 10) 
other_sinMHTphiJet_sigmaL =  0.21616 +/- 0.021072 C L(0 - 10) 
other_sinMHTphiJet_sigmaR =  0.20123 +/- 0.018254 C L(0 - 10) 
other_sinMHTphiJet_alphaL =  0.49509 +/- 0.057168 C L(0 - 1) 
other_sinMHTphiJet_alphaR =  0.54183 +/- 0.051305 C L(0 - 1) 
bveto_acc_p1 =  1.0000 C L(-2 - 2) 
bveto_acc_p2 =  0.0000 C L(-2 - 2) 
bveto_rej_p1 = -1.000000 C L(-2 - 2) 
bveto_rej_p2 =  0.0000 C L(-2 - 2) 
N_sig =  19781 +/- 140.65 L(-100 - 900000) 
eff_sig =  0.48319 +/- 0.0035530 L(-2 - 2) 
N_ttbar =  0.0000 +/- 50.000 C L(-500 - 10000) 
eff_ttbar =  0.16200 +/- 0.50000 C L(-2 - 2) 
N_other =  0.0000 +/- 50.000 C L(-500 - 10000) 
eff_other =  0.69000 +/- 0.50000 C L(-2 - 2) 

   [Observables]

Mt             = 90 C L(30 - 250)      // [GeV]
sinMHTphiJet   = 0  C L(-0.85 - 0.85)
BVetoTightCat  = 1  C L(-1 - 1)
BVetoMediumCat = 1  C L(-1 - 1)
BVetoLooseCat  = 1  C L(-1 - 1)
