
   [Parameters]
sig_PfMt_mean1 =  0.0000 C L(-INF - +INF) 
sig_PfMt_sigmaL1 =  6.2225 +/- 0.16542 C L(0 - 100) 
sig_PfMt_sigmaR =  6.7933 +/- 0.15372 C L(0 - 30) 
sig_PfMt_alphaL1 =  0.044071 +/- 0.014809 C L(0 - 100) 
sig_PfMt_alphaR =  0.12225 +/- 0.0012234 C L(0 - 100) 
sig_PfMt_mean2 =  0.0000 C L(-INF - +INF) 
sig_PfMt_sigmaL2 =  29.470 +/- 0.088894 C L(0 - 100) 
sig_PfMt_alphaL2 =  0.0000 +/- 0.00021185 C L(0 - 100) 
sig_PfMt_f1 =  0.13686 +/- 0.0026607 C L(0 - 1) 
qcd_PfMt_mean =  24.565 +/- 0.31164 L(20 - 40) 
qcd_PfMt_sigmaL =  45.606 +/- 35.018 L(1 - 50) 
qcd_PfMt_sigmaR =  8.6625 +/- 0.16177 L(0 - 50) 
qcd_PfMt_alphaL =  9.9999 +/- 2.1486 L(0 - 10) 
qcd_PfMt_alphaR =  0.21449 +/- 0.0020446 L(0 - 10) 
other_PfMt_mean =  70.724 +/- 0.16802 C L(10 - 100) 
other_PfMt_sigmaL =  0.31004 +/- 0.012324 C L(0 - 10) 
other_PfMt_sigmaR =  0.31004 +/- 0.012324 C L(0 - 10) 
other_PfMt_alphaL =  0.49394 +/- 0.013039 C L(0 - 10) 
other_PfMt_alphaR =  0.49394 +/- 0.013039 C L(0 - 10) 
N_sig =  0.0000 C L(-100 - 900000) 
N_qcd =  24951 +/- 157.96 L(0 - 1e+06) 
N_other =  0.0000 +/- 50.000 C L(-500 - 1e+06) 

   [Observables]
