
   [Parameters]
sig_Mt_mean =  70.724 +/- 0.16802 C L(10 - 100) 
sig_Mt_sigma =  12.698 +/- 0.26064 C L(10 - 100) 
sig_Mt_alpha =  0.31004 +/- 0.012324 C L(0 - 10) 
sig_Mt_alphaCB =  0.49394 +/- 0.013039 C L(0 - 10) 
sig_Mt_nCB =  53.904 +/- 22.143 C L(0.2 - 1000) 
ttbar_Mt_mean =  72.309 +/- 3.0000 C L(10 - 100) 
ttbar_Mt_sigma =  19.058 +/- 6.4124 C L(10 - 100) 
ttbar_Mt_alpha =  0.42148 +/- 0.25543 C L(0 - 10) 
ttbar_Mt_alphaCB =  0.83129 +/- 0.47165 C L(0 - 10) 
ttbar_Mt_nCB =  4.3988 +/- 4.6710 C L(0.2 - 15) 
other_Mt_mean =  68.248 +/- 1.1285 L(10 - 100) 
other_Mt_sigma =  25.387 +/- 1.5998 L(10 - 100) 
other_Mt_alpha =  0.00000000024731 +/- 0.039397 L(0 - 10) 
other_Mt_alphaCB =  0.65613 +/- 0.051371 L(0 - 10) 
other_Mt_nCB =  15.000 +/- 1.4393 L(0.2 - 15) 
sig_sinMHTphiJet_mean = -0.00357889 +/- 0.0034977 C L(-1 - 1) 
sig_sinMHTphiJet_sigmaL =  0.16843 +/- 0.0033046 C L(0 - 100) 
sig_sinMHTphiJet_sigmaR =  0.17089 +/- 0.0034240 C L(0 - 100) 
sig_sinMHTphiJet_alphaL =  0.27691 +/- 0.0055494 C L(0 - 1) 
sig_sinMHTphiJet_alphaR =  0.27870 +/- 0.0057192 C L(0 - 1) 
ttbar_sinMHTphiJet_mean =  0.0000 C L(-1 - 1) 
ttbar_sinMHTphiJet_sigmaL =  0.67136 +/- 0.56809 C L(0 - 100) 
ttbar_sinMHTphiJet_sigmaR =  0.58696 +/- 0.85974 C L(0 - 100) 
ttbar_sinMHTphiJet_alphaL =  0.95598 +/- 2.9891 C L(0 - 100) 
ttbar_sinMHTphiJet_alphaR =  2.3423 +/- 4.7497 C L(0 - 100) 
other_sinMHTphiJet_mean =  0.00000010363 +/- 0.012809 L(0 - 10) 
other_sinMHTphiJet_sigmaL =  0.18878 +/- 0.017862 L(0 - 10) 
other_sinMHTphiJet_sigmaR =  0.21345 +/- 0.021895 L(0 - 10) 
other_sinMHTphiJet_alphaL =  0.65866 +/- 0.050828 L(0 - 1) 
other_sinMHTphiJet_alphaR =  0.60719 +/- 0.059158 L(0 - 1) 
bveto_acc_p1 =  1.0000 C L(-2 - 2) 
bveto_acc_p2 =  0.0000 C L(-2 - 2) 
bveto_rej_p1 = -1.000000 C L(-2 - 2) 
bveto_rej_p2 =  0.0000 C L(-2 - 2) 
N_sig =  0.0000 +/- 220.00 C L(-100 - 900000) 
eff_sig =  0.60246 +/- 0.0022246 C L(-2 - 2) 
N_ttbar =  0.0000 +/- 50.000 C L(-500 - 10000) 
eff_ttbar =  0.16200 +/- 0.50000 C L(-2 - 2) 
N_other =  2710.4 +/- 52.063 L(-500 - 10000) 
eff_other =  0.64241 +/- 0.0092070 L(-2 - 2) 

   [Observables]

Mt             = 90 C L(30 - 250)      // [GeV]
sinMHTphiJet   = 0  C L(-0.80 - 0.80)
BVetoCat       = 1  C L(-1 - 1)
weight         = 1  C L(0 - 1000)

