
   [Parameters]
sig_Mt_mean =  70.724 +/- 0.16802 C L(10 - 100) 
sig_Mt_sigma =  12.698 +/- 0.26064 C L(10 - 100) 
sig_Mt_alpha =  0.31004 +/- 0.012324 C L(0 - 10) 
sig_Mt_alphaCB =  0.49394 +/- 0.013039 C L(0 - 10) 
sig_Mt_nCB =  53.904 +/- 22.143 C L(0.2 - 1000) 
ttbar_Mt_mean =  72.309 +/- 3.0000 C L(10 - 100) 
ttbar_Mt_sigma =  19.058 +/- 6.4124 C L(10 - 100) 
ttbar_Mt_alpha =  0.42148 +/- 0.25543 C L(0 - 10) 
ttbar_Mt_alphaCB =  0.83129 +/- 0.47165 C L(0 - 10) 
ttbar_Mt_nCB =  4.3988 +/- 4.6710 C L(0.2 - 15) 
other_Mt_mean =  93.267 +/- 8.0947 L(10 - 100) 
other_Mt_sigma =  57.583 +/- 4.8877 L(10 - 100) 
other_Mt_alpha =  8.0852 +/- 5.5145 L(0 - 10) 
other_Mt_alphaCB =  2.8677 +/- 2.7056 L(0 - 10) 
other_Mt_nCB =  0.28101 +/- 11.916 L(0.2 - 15) 
sig_sinMHTphiJet_mean = -0.00357889 +/- 0.0034977 C L(-1 - 1) 
sig_sinMHTphiJet_sigmaL =  0.16843 +/- 0.0033046 C L(0 - 100) 
sig_sinMHTphiJet_sigmaR =  0.17089 +/- 0.0034240 C L(0 - 100) 
sig_sinMHTphiJet_alphaL =  0.27691 +/- 0.0055494 C L(0 - 1) 
sig_sinMHTphiJet_alphaR =  0.27870 +/- 0.0057192 C L(0 - 1) 
ttbar_sinMHTphiJet_mean =  0.0000 C L(-1 - 1) 
ttbar_sinMHTphiJet_sigmaL =  0.67136 +/- 0.56809 C L(0 - 100) 
ttbar_sinMHTphiJet_sigmaR =  0.58696 +/- 0.85974 C L(0 - 100) 
ttbar_sinMHTphiJet_alphaL =  0.95598 +/- 2.9891 C L(0 - 100) 
ttbar_sinMHTphiJet_alphaR =  2.3423 +/- 4.7497 C L(0 - 100) 

# taken from 3 trackjets because fit does not converge on few events
other_sinMHTphiJet_mean =  0.064180 +/- 0.044522 L(0 - 10) 
other_sinMHTphiJet_sigmaL =  0.25942 +/- 0.064690 L(0 - 10) 
other_sinMHTphiJet_sigmaR =  0.13882 +/- 0.048162 L(0 - 10) 
other_sinMHTphiJet_alphaL =  0.65877 +/- 0.13352 L(0 - 1) 
other_sinMHTphiJet_alphaR =  0.74960 +/- 0.11021 L(0 - 1) 

bveto_acc_p1 =  1.0000 C L(-2 - 2) 
bveto_acc_p2 =  0.0000 C L(-2 - 2) 
bveto_rej_p1 = -1.000000 C L(-2 - 2) 
bveto_rej_p2 =  0.0000 C L(-2 - 2) 
N_sig =  0.0000 +/- 220.00 C L(-100 - 900000) 
eff_sig =  0.60246 +/- 0.0022246 C L(-2 - 2) 
N_ttbar =  0.0000 +/- 50.000 C L(-500 - 10000) 
eff_ttbar =  0.16200 +/- 0.50000 C L(-2 - 2) 
N_other =  134.97 +/- 11.616 L(-500 - 10000) 
eff_other =  0.20681 +/- 0.034819 L(-2 - 2) 

   [Observables]

Mt             = 90 C L(30 - 250)      // [GeV]
sinMHTphiJet   = 0  C L(-0.85 - 0.85)
BVetoTightCat  = 1  C L(-1 - 1)
BVetoMediumCat = 1  C L(-1 - 1)
BVetoLooseCat  = 1  C L(-1 - 1)
