
   [Parameters]
sig_Mass_mean =  79.139 +/- 0.76029 C L(30 - 300) 
sig_Mass_sigmaL =  17.546 +/- 0.73599 C L(1 - 100) 
sig_Mass_sigmaR =  39.642 +/- 0.71501 C L(1 - 100) 
sig_Mass_alphaL =  0.18656 +/- 0.013303 C L(0 - 100) 
sig_Mass_alphaR =  0.12188 +/- 0.0053125 C L(0 - 100) 
zeeBkg_Mass_mean =  69.540 +/- 4.8395 C L(30 - 300) 
zeeBkg_Mass_sigmaL =  17.546 +/- 0.73599 C L(1 - 100) 
zeeBkg_Mass_sigmaR =  39.642 +/- 0.71501 C L(1 - 100) 
zeeBkg_Mass_alphaL =  0.0000 C L(0 - 1) 
zeeBkg_Mass_alphaR =  0.17907 +/- 0.082418 C L(0 - 1) 
ttbarBkg_Mass_mean =  75.179 +/- 9.1550 L(30 - 300) 
ttbarBkg_Mass_sigmaL =  16.749 +/- 11.905 L(1 - 100) 
ttbarBkg_Mass_sigmaR =  44.916 +/- 8.9417 L(1 - 100) 
ttbarBkg_Mass_alphaL =  0.52956 +/- 0.50627 L(0 - 100) 
ttbarBkg_Mass_alphaR =  0.18863 +/- 0.061145 L(0 - 100) 
qcdBkg_Mass_p1 =  1.0000 C L(-INF - +INF) 
qcdBkg_Mass_p2 =  1.0000 C L(-INF - +INF) 
N_sig =  0.0000 C L(-1000 - 1e+06) 
N_zeeBkg =  0.0000 C L(-1000 - 10000) 
N_ttbarBkg = -420384 +/- 1301.7 L(-INF - +INF) 
N_qcdBkg =  0.0000 C L(-INF - +INF) 

   [Observables]
