
   [Parameters]
sig_Mass_mean =  79.139 +/- 0.76029 C L(30 - 300) 
sig_Mass_sigmaL =  17.546 +/- 0.73599 C L(1 - 100) 
sig_Mass_sigmaR =  39.642 +/- 0.71501 C L(1 - 100) 
sig_Mass_alphaL =  0.18656 +/- 0.013303 C L(0 - 100) 
sig_Mass_alphaR =  0.12188 +/- 0.0053125 C L(0 - 100) 
zeeBkg_Mass_mean =  71.627 +/- 1.5885 L(0 - 300) 
zeeBkg_Mass_sigmaL =  29.470 +/- 0.71075 L(1 - 100) 
zeeBkg_Mass_sigmaR =  66.431 +/- 0.74205 L(1 - 100) 
zeeBkg_Mass_alphaL =  0.0000 C L(0 - 1) 
zeeBkg_Mass_alphaR =  0.14478 +/- 0.0055812 L(0 - 1) 
ttbarBkg_Mass_mean =  0.10000 C L(-INF - +INF) 
ttbarBkg_Mass_sigmaL =  0.10000 C L(-INF - +INF) 
ttbarBkg_Mass_sigmaR =  0.10000 C L(-INF - +INF) 
ttbarBkg_Mass_alphaL =  0.10000 C L(-INF - +INF) 
ttbarBkg_Mass_alphaR =  0.10000 C L(-INF - +INF) 
qcdBkg_Mass_p1 =  1.0000 C L(-INF - +INF) 
qcdBkg_Mass_p2 =  1.0000 C L(-INF - +INF) 
N_sig =  0.0000 C L(-1000 - 1e+06) 
N_zeeBkg = -620.998 +/- 2354.1 L(-1000 - 10000) 
N_ttbarBkg =  0.0000 C L(-INF - +INF) 
N_qcdBkg =  0.0000 C L(-INF - +INF) 

   [Observables]
