
   [Parameters]
sig_PfMt_mean1 =  76.730 +/- 0.13498 C L(50 - 100) 
sig_PfMt_sigmaL1 =  10.049 +/- 0.20856 C L(5 - 50) 
sig_PfMt_sigmaR1 =  7.4657 +/- 0.12408 C L(5 - 50) 
sig_PfMt_alphaL1 =  0.23279 +/- 0.014155 C L(0.1 - 0.5) 
sig_PfMt_alphaR1 =  0.13409 +/- 0.0041520 C L(0 - 0.5) 
sig_PfMt_mean2 =  54.994 +/- 0.41729 C L(30 - 80) 
sig_PfMt_sigmaL2 =  24.114 +/- 9.0809 C L(10 - 60) 
sig_PfMt_sigmaR2 =  26.008 +/- 0.39526 C L(10 - 60) 
sig_PfMt_alphaL2 =  0.14758 +/- 0.62585 C L(0.1 - 0.5) 
sig_PfMt_alphaR2 =  0.066254 +/- 0.0057753 C L(0 - 0.5) 
sig_PfMt_f1 =  0.56601 +/- 0.010027 C L(0 - 1) 
qcd_PfMt_mean1 =  19.339 +/- 3.9570 L(10 - 100) 
qcd_PfMt_mean2 =  25.599 +/- 17.234 L(10 - 100) 
qcd_PfMt_sigma1 =  13.784 +/- 2.3379 L(0 - 100) 
qcd_PfMt_sigma2 =  30.000 +/- 21.315 L(0 - 30) 
qcd_PfMt_f1 =  0.86081 +/- 0.097870 L(0 - 1) 
other_PfMt_mean1 =  76.348 +/- 10.949 C L(50 - 100) 
other_PfMt_sigmaL1 =  10.869 +/- 10.901 C L(5 - 50) 
other_PfMt_sigmaR1 =  8.1816 +/- 7.8221 C L(5 - 50) 
other_PfMt_alphaL1 =  0.28269 +/- 0.16626 C L(0.1 - 0.5) 
other_PfMt_alphaR1 =  0.20535 +/- 0.14982 C L(0 - 0.5) 
other_PfMt_mean2 =  56.114 +/- 18.908 C L(30 - 80) 
other_PfMt_sigmaL2 =  28.315 +/- 20.027 C L(10 - 60) 
other_PfMt_sigmaR2 =  28.126 +/- 16.509 C L(10 - 60) 
other_PfMt_alphaL2 =  0.50000 +/- 0.24581 C L(0.1 - 0.5) 
other_PfMt_alphaR2 =  0.090402 +/- 0.15661 C L(0 - 0.5) 
other_PfMt_f1 =  0.50840 +/- 0.34445 C L(0 - 1) 
N_sig =  0.0000 +/- 50.000 C L(-100 - 900000) 
N_qcd =  750.93 +/- 27.402 L(0 - 100000) 
N_other =  0.0000 +/- 50.000 C L(-500 - 10000) 

   [Observables]
