
   [Parameters]
sig_MHTphiJet_mean1 =  0.0000 +/- 0.10000 C L(-0.85 - 0.85) 
sig_MHTphiJet_mean2 =  0.0000 +/- 0.10000 C L(-0.85 - 0.85) 
sig_MHTphiJet_sigma1 =  0.20000 +/- 0.30000 C L(0.05 - 0.6) 
sig_MHTphiJet_sigma2 =  0.40000 +/- 0.30000 C L(0.05 - 0.8) 
sig_MHTphiJet_f1 =  0.60000 +/- 0.10000 C L(0.1 - 0.8) 
zeeBkg_MHTphiJet_mean1 =  0.0000 +/- 0.10000 C L(-0.85 - 0.85) 
zeeBkg_MHTphiJet_mean2 =  0.0000 +/- 0.10000 C L(-0.85 - 0.85) 
zeeBkg_MHTphiJet_sigma1 =  0.20000 +/- 0.30000 C L(0.05 - 0.6) 
zeeBkg_MHTphiJet_sigma2 =  0.40000 +/- 0.30000 C L(0.05 - 0.8) 
zeeBkg_MHTphiJet_f1 =  0.60000 +/- 0.10000 C L(0.1 - 0.8) 
ttbarBkg_MHTphiJet_mean1 =  0.0034035 +/- 0.013255 L(-0.85 - 0.85) 
ttbarBkg_MHTphiJet_mean2 = -0.0568124 +/- 0.052069 L(-0.85 - 0.85) 
ttbarBkg_MHTphiJet_sigma1 =  0.20929 +/- 0.025316 L(0.05 - 0.6) 
ttbarBkg_MHTphiJet_sigma2 =  0.72745 +/- 0.16198 L(0.05 - 0.8) 
ttbarBkg_MHTphiJet_f1 =  0.40351 +/- 0.092840 L(0.1 - 0.8) 
qcdBkg_MHTphiJet_mean1 =  0.0000 +/- 0.10000 C L(-0.85 - 0.85) 
qcdBkg_MHTphiJet_mean2 =  0.0000 +/- 0.10000 C L(-0.85 - 0.85) 
qcdBkg_MHTphiJet_sigma1 =  0.20000 +/- 0.30000 C L(0.05 - 0.6) 
qcdBkg_MHTphiJet_sigma2 =  0.40000 +/- 0.30000 C L(0.05 - 0.8) 
qcdBkg_MHTphiJet_f1 =  0.60000 +/- 0.10000 C L(0.1 - 0.8) 
N_sig =  0.0000 C L(-1000 - 1e+06) 
N_zeeBkg =  0.0000 C L(-INF - +INF) 
N_ttbarBkg =  2196.9 +/- 46.871 L(-1000 - 100000) 
N_qcdBkg =  0.0000 C L(-INF - +INF) 

   [Observables]
