
   [Parameters]
sig_Mass_mean =  60.851 +/- 16.239 L(50 - 100) 
sig_Mass_sigma0 =  61.200 +/- 21.315 L(1 - 100) 
sig_Mass_sigma1 =  12.582 +/- 15.674 L(1 - 100) 
sig_Mass_alpha = -0.330348 +/- 0.66368 L(-10 - 0) 
sig_Mass_N =  7.2830 +/- 25.460 L(0 - 300) 
sig_Mass_f1 =  0.36024 +/- 0.37995 L(0 - 1) 
zeeBkg_Mass_mean =  70.000 C L(50 - 100) 
zeeBkg_Mass_sigma0 =  90.000 C L(1 - 100) 
zeeBkg_Mass_sigma1 =  90.000 C L(1 - 100) 
zeeBkg_Mass_alpha = -5.00000 C L(-10 - 0) 
zeeBkg_Mass_N =  100.00 C L(0 - 300) 
zeeBkg_Mass_f1 =  0.50000 C L(0 - 1) 
ttbarBkg_Mass_mean =  70.000 C L(50 - 100) 
ttbarBkg_Mass_sigma0 =  90.000 C L(1 - 100) 
ttbarBkg_Mass_sigma1 =  90.000 C L(1 - 100) 
ttbarBkg_Mass_alpha = -5.00000 C L(-10 - 0) 
ttbarBkg_Mass_N =  100.00 C L(0 - 300) 
ttbarBkg_Mass_f1 =  0.50000 C L(0 - 1) 
qcdBkg_Mass_p1 =  1.0000 C L(-INF - +INF) 
qcdBkg_Mass_p2 =  1.0000 C L(-INF - +INF) 
N_sig = -761.551 +/- 106.23 L(-1000 - 1e+06) 
N_zeeBkg =  0.0000 C L(-INF - +INF) 
N_ttbarBkg =  0.0000 C L(-INF - +INF) 
N_qcdBkg =  0.0000 C L(-INF - +INF) 

   [Observables]
