
   [Parameters]
sig_Mass_mean =  70.000 C L(50 - 100) 
sig_Mass_sigma0 =  90.000 C L(1 - 100) 
sig_Mass_sigma1 =  90.000 C L(1 - 100) 
sig_Mass_alpha = -5.00000 C L(-10 - 0) 
sig_Mass_N =  100.00 C L(0 - 300) 
sig_Mass_f1 =  0.50000 C L(0 - 1) 
zeeBkg_Mass_mean =  50.000 +/- 0.0061876 L(50 - 100) 
zeeBkg_Mass_sigma0 =  80.932 +/- 0.86937 L(1 - 100) 
zeeBkg_Mass_sigma1 =  1.2182 +/- 0.10034 L(1 - 100) 
zeeBkg_Mass_alpha = -0.0232169 +/- 0.0046911 L(-10 - 0) 
zeeBkg_Mass_N =  4.9819 +/- 0.84795 L(0 - 300) 
zeeBkg_Mass_f1 =  0.45362 +/- 0.011059 L(0 - 1) 
ttbarBkg_Mass_mean =  70.000 C L(50 - 100) 
ttbarBkg_Mass_sigma0 =  90.000 C L(1 - 100) 
ttbarBkg_Mass_sigma1 =  90.000 C L(1 - 100) 
ttbarBkg_Mass_alpha = -5.00000 C L(-10 - 0) 
ttbarBkg_Mass_N =  100.00 C L(0 - 300) 
ttbarBkg_Mass_f1 =  0.50000 C L(0 - 1) 
qcdBkg_Mass_p1 =  1.0000 C L(-INF - +INF) 
qcdBkg_Mass_p2 =  1.0000 C L(-INF - +INF) 
N_sig =  0.0000 C L(-1000 - 1e+06) 
N_zeeBkg = -835.513 +/- 2452.7 L(-1000 - 10000) 
N_ttbarBkg =  0.0000 C L(-INF - +INF) 
N_qcdBkg =  0.0000 C L(-INF - +INF) 

   [Observables]
