
   [Parameters]
sig_Mass_mean =  70.000 C L(50 - 100) 
sig_Mass_sigma0 =  90.000 C L(1 - 100) 
sig_Mass_sigma1 =  90.000 C L(1 - 100) 
sig_Mass_alpha =  0.0000 C L(-10 - 0) 
sig_Mass_N =  0.0000 C L(0 - 300) 
sig_Mass_f1 =  0.0000 C L(0 - 1) 
zeeBkg_Mass_mean =  70.000 C L(50 - 100) 
zeeBkg_Mass_sigma0 =  90.000 C L(1 - 100) 
zeeBkg_Mass_sigma1 =  90.000 C L(1 - 100) 
zeeBkg_Mass_alpha = -5.00000 C L(-10 - 0) 
zeeBkg_Mass_N =  100.00 C L(0 - 300) 
zeeBkg_Mass_f1 =  0.50000 C L(0 - 1) 
ttbarBkg_Mass_mean =  73.722 +/- 0.38279 L(50 - 100) 
ttbarBkg_Mass_sigma0 =  7.5480 +/- 1.4055 L(1 - 100) 
ttbarBkg_Mass_sigma1 =  24.818 +/- 0.65232 L(1 - 100) 
ttbarBkg_Mass_alpha = -0.715132 +/- 0.027436 L(-10 - 0) 
ttbarBkg_Mass_N =  13.347 +/- 3.1666 L(0 - 300) 
ttbarBkg_Mass_f1 =  0.032520 +/- 0.011408 L(0 - 1) 
qcdBkg_Mass_p1 =  1.0000 C L(-INF - +INF) 
qcdBkg_Mass_p2 =  1.0000 C L(-INF - +INF) 
N_sig =  0.0000 C L(-1000 - 1e+06) 
N_zeeBkg =  0.0000 C L(-INF - +INF) 
N_ttbarBkg =  19750 +/- 140.53 L(-1000 - 100000) 
N_qcdBkg =  0.0000 C L(-INF - +INF) 

   [Observables]
