
   [Parameters]
sig_Mt_mean =  71.095 +/- 0.016231 L(10 - 100) 
sig_Mt_sigma =  17.321 +/- 0.012126 L(10 - 100) 
sig_Mt_alpha =  0.066766 +/- 0.0010042 L(0 - 10) 
sig_Mt_alphaCB =  0.66966 +/- 0.00057476 L(0 - 10) 
sig_Mt_nCB =  15.201 +/- 0.12246 L(0.2 - 1000) 
ttbar_Mt_mean =  72.309 +/- 3.0000 C L(10 - 100) 
ttbar_Mt_sigma =  19.058 +/- 6.4124 C L(10 - 100) 
ttbar_Mt_alpha =  0.42148 +/- 0.25543 C L(0 - 10) 
ttbar_Mt_alphaCB =  0.83129 +/- 0.47165 C L(0 - 10) 
ttbar_Mt_nCB =  4.3988 +/- 4.6710 C L(0.2 - 15) 
other_Mt_mean =  39.835 +/- 2.8280 C L(10 - 100) 
other_Mt_sigma =  25.019 +/- 2.8061 C L(10 - 100) 
other_Mt_alpha =  10.000 +/- 8.8779 C L(0 - 10) 
other_Mt_alphaCB =  1.2026 +/- 0.19156 C L(0 - 10) 
other_Mt_nCB =  8.5963 +/- 4.5446 C L(0.2 - 15) 
sig_sinMHTphiJet_mean =  0.0014084 +/- 0.00045181 L(-1 - 1) 
sig_sinMHTphiJet_sigmaL =  0.26820 +/- 0.014725 L(0 - 100) 
sig_sinMHTphiJet_sigmaR =  0.27597 +/- 0.000059734 L(0 - 100) 
sig_sinMHTphiJet_alphaL =  0.74694 +/- 0.00020409 L(0 - 1) 
sig_sinMHTphiJet_alphaR =  0.70927 +/- 0.0042786 L(0 - 1) 
ttbar_sinMHTphiJet_mean =  0.0000 C L(-1 - 1) 
ttbar_sinMHTphiJet_sigmaL =  0.67136 +/- 0.56809 C L(0 - 100) 
ttbar_sinMHTphiJet_sigmaR =  0.58696 +/- 0.85974 C L(0 - 100) 
ttbar_sinMHTphiJet_alphaL =  0.95598 +/- 2.9891 C L(0 - 100) 
ttbar_sinMHTphiJet_alphaR =  2.3423 +/- 4.7497 C L(0 - 100) 
other_sinMHTphiJet_mean =  0.0000 C L(0 - 10) 
other_sinMHTphiJet_sigmaL =  0.21616 +/- 0.021072 C L(0 - 10) 
other_sinMHTphiJet_sigmaR =  0.20123 +/- 0.018254 C L(0 - 10) 
other_sinMHTphiJet_alphaL =  0.49509 +/- 0.057168 C L(0 - 1) 
other_sinMHTphiJet_alphaR =  0.54183 +/- 0.051305 C L(0 - 1) 
bveto_acc_p1 =  1.0000 C L(-2 - 2) 
bveto_acc_p2 =  0.0000 C L(-2 - 2) 
bveto_rej_p1 = -1.000000 C L(-2 - 2) 
bveto_rej_p2 =  0.0000 C L(-2 - 2) 
N_sig =  19709 +/- 12.666 L(-100 - 900000) 
eff_sig =  0.71315 +/- 0.00029072 L(-2 - 2) 
N_ttbar =  0.0000 +/- 50.000 C L(-500 - 10000) 
eff_ttbar =  0.16200 +/- 0.50000 C L(-2 - 2) 
N_other =  0.0000 +/- 50.000 C L(-500 - 10000) 
eff_other =  0.69000 +/- 0.50000 C L(-2 - 2) 

   [Observables]

Mt             = 90 C L(30 - 250)      // [GeV]
sinMHTphiJet   = 0  C L(-0.80 - 0.80)
BVetoCat       = 1  C L(-1 - 1)
weight         = 1  C L(0 - 1000)
