
   [Parameters]
sig_Mt_mean =  70.724 +/- 0.16802 C L(10 - 100) 
sig_Mt_sigma =  12.698 +/- 0.26064 C L(10 - 100) 
sig_Mt_alpha =  0.31004 +/- 0.012324 C L(0 - 10) 
sig_Mt_alphaCB =  0.49394 +/- 0.013039 C L(0 - 10) 
sig_Mt_nCB =  53.904 +/- 22.143 C L(0.2 - 1000) 
ttbar_Mt_mean =  70.029 +/- 0.41430 L(10 - 100) 
ttbar_Mt_sigma =  19.866 +/- 0.57750 L(10 - 100) 
ttbar_Mt_alpha =  0.31973 +/- 0.040426 L(0 - 10) 
ttbar_Mt_alphaCB =  0.62308 +/- 0.043786 L(0 - 10) 
ttbar_Mt_nCB =  14.942 +/- 8.1786 L(0.2 - 15) 
other_Mt_mean =  39.835 +/- 2.8280 C L(10 - 100) 
other_Mt_sigma =  25.019 +/- 2.8061 C L(10 - 100) 
other_Mt_alpha =  10.000 +/- 8.8779 C L(0 - 10) 
other_Mt_alphaCB =  1.2026 +/- 0.19156 C L(0 - 10) 
other_Mt_nCB =  8.5963 +/- 4.5446 C L(0.2 - 15) 
sig_sinMHTphiJet_mean = -0.00357889 +/- 0.0034977 C L(-1 - 1) 
sig_sinMHTphiJet_sigmaL =  0.16843 +/- 0.0033046 C L(0 - 100) 
sig_sinMHTphiJet_sigmaR =  0.17089 +/- 0.0034240 C L(0 - 100) 
sig_sinMHTphiJet_alphaL =  0.27691 +/- 0.0055494 C L(0 - 1) 
sig_sinMHTphiJet_alphaR =  0.27870 +/- 0.0057192 C L(0 - 1) 
ttbar_sinMHTphiJet_mean =  0.026817 +/- 0.028883 L(-1 - 1) 
ttbar_sinMHTphiJet_sigmaL =  0.43824 +/- 0.081716 L(0 - 100) 
ttbar_sinMHTphiJet_sigmaR =  0.38838 +/- 0.057126 L(0 - 100) 
ttbar_sinMHTphiJet_alphaL =  4.1269 +/- 0.37177 L(0 - 100) 
ttbar_sinMHTphiJet_alphaR =  3.8769 +/- 0.37459 L(0 - 100) 
other_sinMHTphiJet_mean =  0.0000 C L(0 - 10) 
other_sinMHTphiJet_sigmaL =  0.21616 +/- 0.021072 C L(0 - 10) 
other_sinMHTphiJet_sigmaR =  0.20123 +/- 0.018254 C L(0 - 10) 
other_sinMHTphiJet_alphaL =  0.49509 +/- 0.057168 C L(0 - 1) 
other_sinMHTphiJet_alphaR =  0.54183 +/- 0.051305 C L(0 - 1) 
bveto_acc_p1 =  1.0000 C L(-2 - 2) 
bveto_acc_p2 =  0.0000 C L(-2 - 2) 
bveto_rej_p1 = -1.000000 C L(-2 - 2) 
bveto_rej_p2 =  0.0000 C L(-2 - 2) 
N_sig =  0.0000 +/- 50.000 C L(-100 - 900000) 
eff_sig =  0.60246 +/- 0.0022246 C L(-2 - 2) 
N_ttbar =  40440 +/- 191.58 L(-500 - 100000) 
eff_ttbar =  0.14276 +/- 0.0016581 L(-2 - 2) 
N_other =  0.0000 +/- 50.000 C L(-500 - 10000) 
eff_other =  0.69000 +/- 0.50000 C L(-2 - 2) 

   [Observables]

Mt             = 90 C L(30 - 250)      // [GeV]
sinMHTphiJet   = 0  C L(-0.80 - 0.80)
BVetoCat       = 1  C L(-1 - 1)
weight         = 1  C L(0 - 1000)
