
   [Parameters]
sig_PfMt_mean1 =  76.730 +/- 0.13498 C L(50 - 100) 
sig_PfMt_sigmaL1 =  10.049 +/- 0.20856 C L(5 - 50) 
sig_PfMt_sigmaR1 =  7.4657 +/- 0.12408 C L(5 - 50) 
sig_PfMt_alphaL1 =  0.23279 +/- 0.014155 C L(0.1 - 0.5) 
sig_PfMt_alphaR1 =  0.13409 +/- 0.0041520 C L(0 - 0.5) 
sig_PfMt_mean2 =  54.994 +/- 0.41729 C L(30 - 80) 
sig_PfMt_sigmaL2 =  24.114 +/- 9.0809 C L(10 - 60) 
sig_PfMt_sigmaR2 =  26.008 +/- 0.39526 C L(10 - 60) 
sig_PfMt_alphaL2 =  0.14758 +/- 0.62585 C L(0.1 - 0.5) 
sig_PfMt_alphaR2 =  0.066254 +/- 0.0057753 C L(0 - 0.5) 
sig_PfMt_f1 =  0.56601 +/- 0.010027 C L(0 - 1) 
qcd_PfMt_mean1 =  28.000 +/- 0.36296 C L(10 - 100) 
qcd_PfMt_mean2 =  28.000 +/- 0.36296 C L(10 - 100) 
qcd_PfMt_sigma1 =  9.6890 +/- 0.66026 C L(0 - 100) 
qcd_PfMt_sigma2 =  12.472 +/- 0.22534 C L(0 - 30) 
qcd_PfMt_f1 =  0.76000 +/- 0.0096818 C L(0 - 1) 
other_PfMt_mean1 =  75.989 +/- 26.665 L(50 - 100) 
other_PfMt_sigmaL1 =  19.810 +/- 26.595 L(5 - 50) 
other_PfMt_sigmaR1 =  10.669 +/- 31.039 L(5 - 50) 
other_PfMt_alphaL1 =  0.49997 +/- 0.36799 L(0.1 - 0.5) 
other_PfMt_alphaR1 =  0.19649 +/- 0.25195 L(0 - 0.5) 
other_PfMt_mean2 =  56.490 +/- 35.703 L(30 - 80) 
other_PfMt_sigmaL2 =  41.861 +/- 31.050 L(10 - 60) 
other_PfMt_sigmaR2 =  42.650 +/- 33.443 L(10 - 60) 
other_PfMt_alphaL2 =  0.50000 +/- 0.39773 L(0.1 - 0.5) 
other_PfMt_alphaR2 =  0.063800 +/- 0.35192 L(0 - 0.5) 
other_PfMt_f1 =  0.76626 +/- 0.61637 L(0 - 1) 
N_sig =  0.0000 +/- 220.00 C L(-100 - 900000) 
N_qcd =  0.0000 +/- 50.000 C L(-500 - 10000) 
N_other =  0.0000030934 +/- 0.47771 L(0 - 10000) 

   [Observables]
