
   [Parameters]

sig_PfMt_mean1 =  76.730 +/- 0.13498   C L(50 - 100) 
sig_PfMt_sigmaL1 =  10.049 +/- 0.20856   C L(5 - 50) 
sig_PfMt_sigmaR1 =  7.4657 +/- 0.12408  C L(5 - 50) 
sig_PfMt_alphaL1 =  0.23279 +/- 0.014155   C L(0.1 - 0.5) 
sig_PfMt_alphaR1 =  0.13409 +/- 0.0041520  C L(0 - 0.5) 
sig_PfMt_mean2 =  54.994 +/- 0.41729 C L(30 - 80) 
sig_PfMt_sigmaL2 =  24.114 +/- 9.0809 C L(10 - 60) 
sig_PfMt_sigmaR2 =  26.008 +/- 0.39526 C L(10 - 60) 
sig_PfMt_alphaL2 =  0.14758 +/- 0.62585 C L(0.1 - 0.5) 
sig_PfMt_alphaR2 =  0.066254 +/- 0.0057753 C L(0 - 0.5) 
sig_PfMt_f1 =  0.56601 +/- 0.010027 C  L(0 - 1) 

qcd_PfMt_mean1 =  28.0 +/- 0.36296   C L(10 - 100)
qcd_PfMt_sigma1 =  9.689 +/- 0.66026  C L(0 - 100)
qcd_PfMt_mean2 =  28.0 +/- 0.36296   C L(10 - 100)
qcd_PfMt_sigma2 =  12.4724 +/- 0.22534 C L(0 - 30)
qcd_PfMt_f1 =  0.76 +/- 0.0096818  C L(0 - 1)

other_PfMt_mean1 =  76.730 +/- 0.13498    L(50 - 100) 
other_PfMt_sigmaL1 =  10.049 +/- 0.20856    L(5 - 50) 
other_PfMt_sigmaR1 =  7.4657 +/- 0.12408   L(5 - 50) 
other_PfMt_alphaL1 =  0.23279 +/- 0.014155    L(0.1 - 0.5) 
other_PfMt_alphaR1 =  0.13409 +/- 0.0041520   L(0 - 0.5) 
other_PfMt_mean2 =  54.994 +/- 0.41729  L(30 - 80) 
other_PfMt_sigmaL2 =  24.114 +/- 9.0809  L(10 - 60) 
other_PfMt_sigmaR2 =  26.008 +/- 0.39526  L(10 - 60) 
other_PfMt_alphaL2 =  0.14758 +/- 0.62585  L(0.1 - 0.5) 
other_PfMt_alphaR2 =  0.066254 +/- 0.0057753  L(0 - 0.5) 
other_PfMt_f1 =  0.56601 +/- 0.010027   L(0 - 1) 

sig_sinMHTphiJet_mean = -0.00357889 +/- 0.0034977 C L(-1 - 1) 
sig_sinMHTphiJet_sigmaL =  0.16843 +/- 0.0033046 C L(0 - 100) 
sig_sinMHTphiJet_sigmaR =  0.17089 +/- 0.0034240 C L(0 - 100) 
sig_sinMHTphiJet_alphaL =  0.27691 +/- 0.0055494 C L(0 - 1) 
sig_sinMHTphiJet_alphaR =  0.27870 +/- 0.0057192 C L(0 - 1) 

ttbar_sinMHTphiJet_mean =  0.0000 C L(-1 - 1) 
ttbar_sinMHTphiJet_sigmaL =  0.67136 +/- 0.56809 C L(0 - 100) 
ttbar_sinMHTphiJet_sigmaR =  0.58696 +/- 0.85974 C L(0 - 100) 
ttbar_sinMHTphiJet_alphaL =  0.95598 +/- 2.9891 C L(0 - 100) 
ttbar_sinMHTphiJet_alphaR =  2.3423 +/- 4.7497 C L(0 - 100) 

other_sinMHTphiJet_mean =  0.0000  L(0 - 10) 
other_sinMHTphiJet_sigmaL =  0.21616 +/- 0.021072  L(0 - 10) 
other_sinMHTphiJet_sigmaR =  0.20123 +/- 0.018254  L(0 - 10) 
other_sinMHTphiJet_alphaL =  0.49509 +/- 0.057168  L(0 - 1) 
other_sinMHTphiJet_alphaR =  0.54183 +/- 0.051305  L(0 - 1) 

bveto_acc_p1 =  1.0000 C L(-2 - 2) 
bveto_acc_p2 =  0.0000 C L(-2 - 2) 
bveto_rej_p1 = -1.000000 C L(-2 - 2) 
bveto_rej_p2 =  0.0000 C L(-2 - 2) 

N_sig =  0 +/- 220.00 C L(-100 - 900000) 

N_qcd =  0.0000 +/- 50.000 C L(-500 - 10000) 

N_other =  900 +/- 50.000  L(0 - 10000) 

   [Observables]


pfmt           = 90 C L(20 - 150)      // [GeV]

