
   [Parameters]

# PF MT
#sig_PfMt_mean =  76.620 +/- 0.17381   L(30 - 100) 
#sig_PfMt_sigma =  12.565 +/- 0.27174   L(10 - 100) 
#sig_PfMt_alpha =  0.31477 +/- 0.012330   L(0.02 - 10) 
#sig_PfMt_alphaCB =  0.49127 +/- 0.013290   L(0.1 - 10) 
#sig_PfMt_nCB =  46.951 +/- 14.924   L(0.2 - 1000) 

sig_PfMt_mean1 =  76.730 +/- 0.13498 L(50 - 100) 
sig_PfMt_sigmaL1 =  10.049 +/- 0.20856 L(0 - 100) 
sig_PfMt_sigmaR1 =  7.4657 +/- 0.12408 L(0 - 30) 
sig_PfMt_alphaL1 =  0.23279 +/- 0.014155 L(0.01 - 1) 
sig_PfMt_alphaR1 =  0.13409 +/- 0.0041520 L(0 - 100) 
sig_PfMt_mean2 =  54.994 +/- 0.41729 L(30 - 55) 
sig_PfMt_sigmaL2 =  24.114 +/- 9.0809 L(0 - 100) 
sig_PfMt_sigmaR2 =  26.008 +/- 0.39526 L(0 - 30) 
sig_PfMt_alphaL2 =  0.14758 +/- 0.62585 L(0.01 - 1) 
sig_PfMt_alphaR2 =  0.066254 +/- 0.0057753 L(0 - 100) 
sig_PfMt_f1 =  0.56601 +/- 0.010027 L(0 - 1) 

# for W+0jets, sigmaR and alphaR are bound
#sig_PfMt_mean1 =  75.779 +/- 0.83395  L(10 - 100)
#sig_PfMt_sigmaL1 =  18.403 +/- 2.6666  L(0 - 100)
#sig_PfMt_sigmaR =  6.6721 +/- 0.60603  L(0 - 30)
#sig_PfMt_alphaL1 =  0.12557 +/- 0.12779 C L(0.01 - 1)
#sig_PfMt_alphaR =  0.12217 +/- 0.019792  L(0 - 100)
#sig_PfMt_mean2 =  42.652 +/- 2.2323  L(10 - 51)
#sig_PfMt_sigmaL2 =  7.0444 +/- 2.7190 C L(0 - 100)
#sig_PfMt_alphaL2 =  0.16982 +/- 0.45298 C L(0 - 100)
#sig_PfMt_f1 =  0.86841 +/- 0.059222 C L(0.1 - 1)

qcd_PfMt_mean1 =  10.010 +/- 87.482 C L(10 - 100) 
qcd_PfMt_mean2 =  10.001 +/- 55.769 C L(10 - 100) 
qcd_PfMt_sigma1 =  44.781 +/- 9.7500 C L(20 - 100) 
qcd_PfMt_sigma2 =  24.645 +/- 3.4523 C L(10 - 30) 
qcd_PfMt_f1 =  0.25477 +/- 0.22236 C L(0 - 1) 

other_PfMt_mean1 =  76.348 +/- 10.949 C L(50 - 100) 
other_PfMt_sigmaL1 =  10.869 +/- 10.901 C L(5 - 50) 
other_PfMt_sigmaR1 =  8.1816 +/- 7.8221 C L(5 - 50) 
other_PfMt_alphaL1 =  0.28269 +/- 0.16626 C L(0.1 - 0.5) 
other_PfMt_alphaR1 =  0.20535 +/- 0.14982 C L(0 - 0.5) 
other_PfMt_mean2 =  56.114 +/- 18.908 C L(30 - 80) 
other_PfMt_sigmaL2 =  28.315 +/- 20.027 C L(10 - 60) 
other_PfMt_sigmaR2 =  28.126 +/- 16.509 C L(10 - 60) 
other_PfMt_alphaL2 =  0.50000 +/- 0.24581 C L(0.1 - 0.5) 
other_PfMt_alphaR2 =  0.090402 +/- 0.15661 C L(0 - 0.5) 
other_PfMt_f1 =  0.50840 +/- 0.34445 C L(0 - 1) 

sig_sinMHTphiJet_mean = -0.00357889 +/- 0.0034977 L(-1 - 1) 
sig_sinMHTphiJet_sigmaL =  0.16843 +/- 0.0033046 L(0 - 100) 
sig_sinMHTphiJet_sigmaR =  0.17089 +/- 0.0034240 L(0 - 100) 
sig_sinMHTphiJet_alphaL =  0.27691 +/- 0.0055494 L(0 - 1) 
sig_sinMHTphiJet_alphaR =  0.27870 +/- 0.0057192 L(0 - 1) 

ttbar_sinMHTphiJet_mean =  0.0000 C L(-1 - 1) 
ttbar_sinMHTphiJet_sigmaL =  0.67136 +/- 0.56809 C L(0 - 100) 
ttbar_sinMHTphiJet_sigmaR =  0.58696 +/- 0.85974 C L(0 - 100) 
ttbar_sinMHTphiJet_alphaL =  0.95598 +/- 2.9891 C L(0 - 100) 
ttbar_sinMHTphiJet_alphaR =  2.3423 +/- 4.7497 C L(0 - 100) 

other_sinMHTphiJet_mean =  0.0000 C L(0 - 10) 
other_sinMHTphiJet_sigmaL =  0.21616 +/- 0.021072 C L(0 - 10) 
other_sinMHTphiJet_sigmaR =  0.20123 +/- 0.018254 C L(0 - 10) 
other_sinMHTphiJet_alphaL =  0.49509 +/- 0.057168 C L(0 - 1) 
other_sinMHTphiJet_alphaR =  0.54183 +/- 0.051305 C L(0 - 1) 

bveto_acc_p1 =  1.0000 C L(-2 - 2) 
bveto_acc_p2 =  0.0000 C L(-2 - 2) 
bveto_rej_p1 = -1.000000 C L(-2 - 2) 
bveto_rej_p2 =  0.0000 C L(-2 - 2) 

N_sig =  48398 +/- 220.00 L(0 - 900000) 

N_qcd =  0.0000 +/- 50.000 C L(-10 - 10000) 

N_other =  0.0000 +/- 50.000 C L(-10 - 10000) 

   [Observables]

pfmt           = 90 C L(20 - 150)      // [GeV]



