
   [Parameters]

sig_PfMt_mean1 =  76.075 +/- 0.019319 C L(10 - 100) 
sig_PfMt_sigmaL1 =  17.336 +/- 0.81428 C L(0 - 100) 
sig_PfMt_sigmaR =  6.4144 +/- 0.097202 C L(0 - 30) 
sig_PfMt_alphaL1 =  0.14748 +/- 0.015612 C L(0.01 - 1) 
sig_PfMt_alphaR =  0.13985 +/- 0.0036792 C L(0 - 100) 
sig_PfMt_mean2 =  45.491 +/- 1.0292 C L(10 - 51) 
sig_PfMt_sigmaL2 =  11.599 +/- 0.91045 C L(0 - 100) 
sig_PfMt_alphaL2 =  0.0013079 +/- 0.011464 C L(0 - 100) 
sig_PfMt_f1 =  0.83638 +/- 0.018469 C L(0.1 - 1) 

qcd_PfMt_mean =  20.134 +/- 0.079229 C L(10 - 100) 
qcd_PfMt_sigmaL =  9.4625 +/- 0.36830 C L(0 - 50) 
qcd_PfMt_sigmaR =  11.118 +/- 0.046999 C L(0 - 50) 
qcd_PfMt_alphaL =  9.9998 +/- 0.77281 C L(0 - 10) 
qcd_PfMt_alphaR =  0.098555 +/- 0.00076505 C L(0 - 10) 

other_PfMt_mean =  13.969 +/- 0.00099320 C L(10 - 100) 
other_PfMt_sigmaL =  0.68456 +/- 1.0353 C L(0 - 50) 
other_PfMt_sigmaR =  21.158 +/- 1.5522 C L(0 - 50) 
other_PfMt_alphaL =  8.7983 +/- 5.4787 C L(0 - 10) 
other_PfMt_alphaR =  0.13924 +/- 0.023880 C L(0 - 10) 


# weights are for 1 pb
N_sig =  19000 +/- 590.80 L(-100 - 900000) 
N_qcd =  600000 +/- 50.000  L(-500 - 1000000) 
N_other = 1200 +/- 50.000   L(-500 - 1000000) 

   [Observables]

mt             = 90 C L(0 - 250)      // [GeV]
tcmt           = 90 C L(0 - 250)      // [GeV]
pfmt           = 90 C L(10 - 150)      // [GeV]
met            = 90 C L(0 - 250)      // [GeV]
tcmet          = 90 C L(0 - 250)      // [GeV]
pfmet          = 90 C L(0 - 250)      // [GeV]
weight         = 1  C L(0 - 1)
