
   [Parameters]

sig_PfMt_mean1 =  75.779 +/- 0.83395 C L(10 - 100) 
sig_PfMt_sigmaL1 =  18.403 +/- 2.6666 C L(0 - 100) 
sig_PfMt_sigmaR =  6.6721 +/- 0.60603 C L(0 - 30) 
sig_PfMt_alphaL1 =  0.12557 +/- 0.12779 C L(0.01 - 1) 
sig_PfMt_alphaR =  0.12217 +/- 0.019792 C L(0 - 100) 
sig_PfMt_mean2 =  42.652 +/- 2.2323 C L(10 - 51) 
sig_PfMt_sigmaL2 =  7.0444 +/- 2.7190 C L(0 - 100) 
sig_PfMt_alphaL2 =  0.16982 +/- 0.45298 C L(0 - 100) 
sig_PfMt_f1 =  0.86841 +/- 0.059222 C L(0.1 - 1) 

# from 12.3 nb-1 on 7 TeV data
#qcd_PfMt_mean =  26.878 +/- 2.0157 C L(10 - 100) 
#qcd_PfMt_sigmaL =  12.743 +/- 0.91867 C L(0 - 50) 
#qcd_PfMt_sigmaR =  9.5298 +/- 1.8267 C L(0 - 50) 
#qcd_PfMt_alphaL =  3.9813 +/- 0.53393 C L(0 - 10) 
#qcd_PfMt_alphaR =  0.044233 +/- 0.087031 C L(0 - 10) 

# SHAPE FROM MC
qcd_PfMt_mean =  20.590 +/- 0.11444    C L(10 - 100) 
qcd_PfMt_sigmaL =  12.743 +/- 0.91867  C  L(0 - 50) 
qcd_PfMt_sigmaR =  10.403 +/- 0.068079  C L(0 - 50) 
qcd_PfMt_alphaL =  3.9813 +/- 0.53393   C L(0 - 10) 
qcd_PfMt_alphaR =  0.089541 +/- 0.0012898 C  L(0 - 10) 

other_PfMt_mean =  17.712 +/- 4.5409 C L(10 - 100) 
other_PfMt_sigmaL =  13.480 +/- 16.197 C L(0 - 50) 
other_PfMt_sigmaR =  17.154 +/- 2.4805 C L(0 - 50) 
other_PfMt_alphaL =  0.35833 +/- 7.9268 C L(0 - 10) 
other_PfMt_alphaR =  0.15720 +/- 0.022536 C L(0 - 10) 

# 100 nb
N_sig =  350 +/- 590.80 L(-100 - 900000) 
N_qcd =  10 +/- 50.000  L(-500 - 10000) 
N_other = 1. +/- 50.000  C L(-500 - 10000) 

   [Observables]

mt             = 90 C L(0 - 250)      // [GeV]
tcmt           = 90 C L(0 - 250)      // [GeV]
pfmt           = 90 C L(20 - 150)      // [GeV]
met            = 90 C L(0 - 250)      // [GeV]
tcmet          = 90 C L(0 - 250)      // [GeV]
pfmet          = 90 C L(0 - 250)      // [GeV]
weight         = 1  C L(0 - 1)
