
   [Parameters]
sig_PfMt_mean =  75.703 +/- 0.24586 C L(10 - 100) 
sig_PfMt_sigmaL1 =  6.2225 +/- 0.16542 C L(0 - 100) 
sig_PfMt_sigmaR =  6.7933 +/- 0.15372 C L(0 - 30) 
sig_PfMt_alphaL1 =  0.044071 +/- 0.014809 C L(0 - 100) 
sig_PfMt_alphaR =  0.12225 +/- 0.0012234 C L(0 - 100) 
sig_PfMt_sigmaL2 =  29.470 +/- 0.088894 C L(0 - 100) 
sig_PfMt_alphaL2 =  0.0000 +/- 0.00021185 C L(0 - 100) 
sig_PfMt_f1 =  0.13686 +/- 0.0026607 C L(0 - 1) 
qcd_PfMt_mean =  20.066 +/- 0.061232 L(10 - 100) 
qcd_PfMt_sigmaL =  12.512 +/- 0.29597 L(0 - 50) 
qcd_PfMt_sigmaR =  11.062 +/- 0.039098 L(0 - 50) 
qcd_PfMt_alphaL =  8.5911 +/- 0.47073 L(0 - 10) 
qcd_PfMt_alphaR =  0.098084 +/- 0.00066186 L(0 - 10) 
other_PfMt_mean =  70.724 +/- 0.16802 C L(10 - 100) 
other_PfMt_sigmaL =  0.31004 +/- 0.012324 C L(0 - 10) 
other_PfMt_sigmaR =  0.31004 +/- 0.012324 C L(0 - 10) 
other_PfMt_alphaL =  0.49394 +/- 0.013039 C L(0 - 10) 
other_PfMt_alphaR =  0.49394 +/- 0.013039 C L(0 - 10) 
N_sig =  0.0000 C L(-100 - 900000) 
N_qcd =  602056 +/- 775.91 L(-500 - 1e+06) 
N_other =  0.0000 +/- 50.000 C L(-500 - 1e+06) 

   [Observables]
