
   [Parameters]
sig_PfMt_mean1 =  76.075 +/- 0.019319 L(10 - 100) 
sig_PfMt_sigmaL1 =  17.336 +/- 0.81428 L(0 - 100) 
sig_PfMt_sigmaR =  6.4144 +/- 0.097202 L(0 - 30) 
sig_PfMt_alphaL1 =  0.14748 +/- 0.015612 L(0.01 - 1) 
sig_PfMt_alphaR =  0.13985 +/- 0.0036792 L(0 - 100) 
sig_PfMt_mean2 =  45.491 +/- 1.0292 L(10 - 51) 
sig_PfMt_sigmaL2 =  11.599 +/- 0.91045 L(0 - 100) 
sig_PfMt_alphaL2 =  0.0013079 +/- 0.011464 L(0 - 100) 
sig_PfMt_f1 =  0.83638 +/- 0.018469 L(0.1 - 1) 
qcd_PfMt_mean =  70.724 +/- 0.16802 C L(10 - 100) 
qcd_PfMt_sigmaL =  1.3100 +/- 0.012324 C L(0 - 10) 
qcd_PfMt_sigmaR =  0.31004 +/- 0.012324 C L(0 - 10) 
qcd_PfMt_alphaL =  0.49394 +/- 0.013039 C L(0 - 10) 
qcd_PfMt_alphaR =  0.49394 +/- 0.013039 C L(0 - 10) 
other_PfMt_mean =  70.724 +/- 0.16802 C L(10 - 100) 
other_PfMt_sigmaL =  0.31004 +/- 0.012324 C L(0 - 10) 
other_PfMt_sigmaR =  0.31004 +/- 0.012324 C L(0 - 10) 
other_PfMt_alphaL =  0.49394 +/- 0.013039 C L(0 - 10) 
other_PfMt_alphaR =  0.49394 +/- 0.013039 C L(0 - 10) 
N_sig =  18837 +/- 137.24 L(-100 - 900000) 
N_qcd =  0.0000 +/- 50.000 C L(-500 - 10000) 
N_other =  0.0000 +/- 50.000 C L(-500 - 10000) 

   [Observables]
