
   [Parameters]

# MT
sig_PfMt_mean =  75.703 +/- 0.24586 C L(10 - 100) 
sig_PfMt_sigmaL1 =  6.2225 +/- 0.16542 C L(0 - 100) 
sig_PfMt_sigmaR =  6.7933 +/- 0.15372 C L(0 - 30) 
sig_PfMt_alphaL1 =  0.044071 +/- 0.014809 C L(0 - 100) 
sig_PfMt_alphaR =  0.12225 +/- 0.0012234 C L(0 - 100) 
sig_PfMt_sigmaL2 =  29.470 +/- 0.088894 C L(0 - 100) 
sig_PfMt_alphaL2 =  0 +/- 0.00021185 C L(0 - 100) 
sig_PfMt_f1 =  0.13686 +/- 0.0026607 C L(0 - 1) 

qcd_PfMt_mean =  17.712 +/- 4.5409  L(10 - 100) 
qcd_PfMt_sigmaL =  13.480 +/- 16.197  L(0 - 50) 
qcd_PfMt_sigmaR =  17.154 +/- 2.4805  L(0 - 50) 
qcd_PfMt_alphaL =  0.35833 +/- 7.9268  L(0 - 10) 
qcd_PfMt_alphaR =  0.15720 +/- 0.022536  L(0 - 10) 

other_PfMt_mean =  70.724 +/- 0.16802 C L(10 - 100) 
other_PfMt_sigmaL =  0.31004 +/- 0.012324 C L(0 - 10) 
other_PfMt_sigmaR =  0.31004 +/- 0.012324 C L(0 - 10) 
other_PfMt_alphaL =  0.49394 +/- 0.013039 C L(0 - 10) 
other_PfMt_alphaR =  0.49394 +/- 0.013039 C L(0 - 10) 

# PF MET
qcd_PfMet_mean =  5.712 +/- 4.5409  L(0 - 100) 
qcd_PfMet_sigma1 =  4.480 +/- 16.197  L(0 - 50) 
qcd_PfMet_sigma2 =  11.154 +/- 2.4805  L(0 - 50) 
qcd_PfMet_f1 =  0.10833 +/- 7.9268  L(0 - 1) 

N_sig =  0 +/- 0.00 C L(-100 - 900000) 
N_qcd =  600000.0 +/- 50.000  L(-500 - 1000000) 
N_other =  0.0000 +/- 50.000 C L(-500 - 1000000) 

   [Observables]

mt             = 90 C L(0 - 250)      // [GeV]
tcmt           = 90 C L(0 - 250)      // [GeV]
pfmt           = 90 C L(10 - 150)      // [GeV]
met            = 90 C L(0 - 250)      // [GeV]
tcmet          = 90 C L(0 - 250)      // [GeV]
pfmet          = 90 C L(0 - 250)      // [GeV]
weight         = 1  C L(0 - 1)

