
   [Parameters]
sig_PfMt_mean =  80.724 +/- 0.16802 L(10 - 100) 
sig_PfMt_sigmaL =  18.31004 +/- 0.012324 L(0 - 30) 
sig_PfMt_sigmaR =  1.31004 +/- 0.012324 L(0 - 10) 
sig_PfMt_alphaL =  0.49394 +/- 0.013039 L(0 - 10) 
sig_PfMt_alphaR =  0.49394 +/- 0.013039 L(0 - 10) 

qcd_PfMt_mean =  70.724 +/- 0.16802 C L(10 - 100) 
qcd_PfMt_sigmaL =  0.31004 +/- 0.012324 C L(0 - 10) 
qcd_PfMt_sigmaR =  0.31004 +/- 0.012324 C L(0 - 10) 
qcd_PfMt_alphaL =  0.49394 +/- 0.013039 C L(0 - 10) 
qcd_PfMt_alphaR =  0.49394 +/- 0.013039 C L(0 - 10) 

other_PfMt_mean =  70.724 +/- 0.16802 C L(10 - 100) 
other_PfMt_sigmaL =  0.31004 +/- 0.012324 C L(0 - 10) 
other_PfMt_sigmaR =  0.31004 +/- 0.012324 C L(0 - 10) 
other_PfMt_alphaL =  0.49394 +/- 0.013039 C L(0 - 10) 
other_PfMt_alphaR =  0.49394 +/- 0.013039 C L(0 - 10) 

N_sig =  48398 +/- 220.00 L(-100 - 900000) 
N_qcd =  0.0000 +/- 50.000 C L(-500 - 10000) 
N_other =  0.0000 +/- 50.000 C L(-500 - 10000) 

   [Observables]

mt             = 90 C L(0 - 250)      // [GeV]
tcmt           = 90 C L(0 - 250)      // [GeV]
pfmt           = 90 C L(10 - 250)      // [GeV]
met            = 90 C L(0 - 250)      // [GeV]
tcmet          = 90 C L(0 - 250)      // [GeV]
pfmet          = 90 C L(0 - 250)      // [GeV]


