
   [Parameters]

// === B tag ===
btag_eb = 0.68  L(0 - 0.999)
btag_enob = 0.025           L(0 - 1)

// 0b PDFs
b0_btag_1j_njets = 1 C L(0 - 5)
b0_btag_1j_nb    = 0 C L(0 - 5)

b0_btag_2j_njets = 2 C L(0 - 5)
b0_btag_2j_nb    = 0 C L(0 - 5)

b0_btag_3j_njets = 3 C L(0 - 5)
b0_btag_3j_nb    = 0 C L(0 - 5)

b0_btag_4j_njets = 4 C L(0 - 5)
b0_btag_4j_nb    = 0 C L(0 - 5)

// 1b PDFs 
b1_btag_1j_njets = 1 C L(0 - 5)
b1_btag_1j_nb    = 1 C L(0 - 5)


b1_btag_2j_njets = 2 C L(0 - 5)
b1_btag_2j_nb    = 1 C L(0 - 5)

b1_btag_3j_njets = 3 C L(0 - 5)
b1_btag_3j_nb    = 1 C L(0 - 5)

b1_btag_4j_njets = 4 C L(0 - 5)
b1_btag_4j_nb    = 1 C L(0 - 5)

// 2b PDFs
b2_btag_1j_njets = 1 C L(0 - 5)
b2_btag_1j_nb    = 1 C L(0 - 5)

b2_btag_2j_njets = 2 C L(0 - 5)
b2_btag_2j_nb    = 1 C L(0 - 5)

b2_btag_3j_njets = 3 C L(0 - 5)
b2_btag_3j_nb    = 1 C L(0 - 5)

b2_btag_4j_njets = 4 C L(0 - 5)
b2_btag_4j_nb    = 1 C L(0 - 5)


// for Other, using binned PDF
other_btag_1j_bin1 =  0.96801 +/- 0.0083180 C L(0 - 1) 
other_btag_1j_bin2 =  1.00000 +/- 0.034555 C L(0 - 1) 

other_btag_2j_bin1 =  0.93384 +/- 0.027056 C L(0 - 1) 
other_btag_2j_bin2 =  0.93422 +/- 0.10200 C L(0 - 1) 

other_btag_3j_bin1 =  0.91604 +/- 0.075617 C L(0 - 1) 
other_btag_3j_bin2 =  0.81956 +/- 0.31350 C L(0 - 1) 

other_btag_4j_bin1 =  0.89502 +/- 0.16585 C L(0 - 1) 
other_btag_4j_bin2 =  0.98976 +/- 0.83868 C L(0 - 1) 

1j_njets = 1 
2j_njets = 2 
3j_njets = 3 
4j_njets = 4
5j_njets = 5

N_Wincl_1j =   0.0    C L(0 - 10000000)
N_other_1j =   0.0    C L(0 - 10000000)
N_top0b_1j =   0.0    C L(0 - 10000000)
N_top1b_1j =   0.0    C L(0 - 10000000)
N_top2b_1j =   0.0    C L(0 - 10000000)

N_Wincl_2j =   0.2   C L(0 - 10000000)
N_other_2j =   4.0   C L(0 - 10000000)
N_top0b_2j =   6.2   C L(0 - 1000000)         
N_top1b_2j =   11.1   L(0 - 1000000)         
N_top2b_2j =   4.3   C L(0 - 1000000)         

N_Wincl_3j =   0.0    C L(0 - 100000) 
N_other_3j =   3.4    C L(0 - 10000000)
N_top0b_3j =   1.0    C L(0 - 10000)         
N_top1b_3j =   5.8    C L(-10 - 10000)         
N_top2b_3j =   4.8      L(0 - 10000)         

N_Wincl_4j =   0.0    C L(00 - 100000) 
N_other_4j =   2.0    C L(0 - 10000000)
N_top0b_4j =   0.5    C L(0 - 10000)         
N_top1b_4j =   4.8    C L(-10 - 10000)         
N_top2b_4j =   11.2     L(0 - 10000)         

#N_Wincl5j =   7.90000 +/- 79.684 L(-100 - 100000)
#  N_other5j =   1.7027 +/- 4.1279  L(0 - 10000)     
#N_top5j =   51.804 +/- 22.760  L(0 - 10000)         

   [Observables]

pfmt           = 90 C L(20 - 150)      // [GeV]
nBTagJets      = 1  C L(0 - 3)
nExclPFJetsHi  = 1  C L (0.5 - 5.5)
nJets          = 1  C L (0.5 - 5.5)
weight         = 1 C L(0 - 10000000)



