   [Parameters] 

sig_Mass_mean =  75.860 +/- 5.0829 C L(50 - 100) 
sig_Mass_sigma0 =  16.825 +/- 10.444 C L(1 - 100) 
sig_Mass_sigma1 =  34.075 +/- 22.217 C L(1 - 100) 
sig_Mass_alpha = -0.724266 +/- 0.45451 C L(-10 - 0) 
sig_Mass_N =  72.157 +/- 234.27 C L(0 - 300) 
sig_Mass_f1 =  0.22066 +/- 0.29422 C L(0 - 1) 

zeeBkg_Mass_mean =  73.553 +/- 11.289 C L(50 - 100) 
zeeBkg_Mass_sigma0 =  85.519 +/- 82.008 C L(1 - 100) 
zeeBkg_Mass_sigma1 =  26.445 +/- 10.885 C L(1 - 100) 
zeeBkg_Mass_alpha = -0.672603 +/- 0.32155 C L(-10 - 0) 
zeeBkg_Mass_N =  8.4976 +/- 25.640 C L(0 - 300) 
zeeBkg_Mass_f1 =  0.27984 +/- 0.37398 C L(0 - 1) 

ttbarBkg_Mass_mean =  73.783 +/- 3.6740 C L(50 - 100) 
ttbarBkg_Mass_sigma0 =  13.362 +/- 14.989 C L(1 - 100) 
ttbarBkg_Mass_sigma1 =  40.045 +/- 25.469 C L(1 - 100) 
ttbarBkg_Mass_alpha = -1.07423 +/- 0.66285 C L(-10 - 0) 
ttbarBkg_Mass_N =  9.3376 +/- 27.453 C L(0 - 300) 
ttbarBkg_Mass_f1 =  0.14774 +/- 0.56502 C L(0 - 1) 

// QCD parameters from 2 jets (no sufficient stat in MC 3jets)
qcdBkg_Mass_p1 =  66.732 +/- 101.55 C L(-100 - 100) 
qcdBkg_Mass_p2 =  0.0000 C L(-100 - 100) 

# in sig only W->enu prompt considered
N_sig =  81 L(-1000 - 1e+06)
N_zeeBkg =  19   L(-1000 - 10000)
N_ttbarBkg = 186  L(-1000 - 10000)
N_qcdBkg =  0  C L(-1000 - 10000)

   [Observables]

transvMass =  90 C L(30 - 250)      // [GeV]
CSA07weight  = 0.001 C L(0. - 100.)


