
   [Parameters]

sig_PfMt_mean1 =  76.628 +/- 0.46471 C L(10 - 100) 
sig_PfMt_sigmaL1 =  15.156 +/- 2.2828 C L(0 - 100) 
sig_PfMt_sigmaR =  6.2383 +/- 0.26513 C L(0 - 30) 
sig_PfMt_alphaL1 =  0.018927 +/- 0.039864 C L(0.01 - 1) 
sig_PfMt_alphaR =  0.13539 +/- 0.0065260 C L(0 - 100) 
sig_PfMt_mean2 =  50.926 +/- 0.24948 C L(10 - 51) 
sig_PfMt_sigmaL2 =  9.7030 +/- 1.0806 C L(0 - 100) 
sig_PfMt_alphaL2 =  0.22191 +/- 0.068828 C L(0 - 100) 
sig_PfMt_f1 =  0.84886 +/- 0.060248 C L(0.1 - 1) 

qcd_PfMt_mean =  24.565 +/- 0.31164 C L(20 - 40) 
qcd_PfMt_sigmaL =  45.606 +/- 35.018 C L(1 - 50) 
qcd_PfMt_sigmaR =  8.6625 +/- 0.16177 C L(0 - 50) 
qcd_PfMt_alphaL =  9.9999 +/- 2.1486 C L(0 - 10) 
qcd_PfMt_alphaR =  0.21449 +/- 0.0020446 C L(0 - 10) 

other_PfMt_mean =  73.921 +/- 0.44108 C L(10 - 100) 
other_PfMt_sigmaL =  15.279 +/- 0.77492 C L(0 - 50) 
other_PfMt_sigmaR =  11.318 +/- 0.34107 C L(0 - 50) 
other_PfMt_alphaL =  0.64124 +/- 0.026068 C L(0 - 10) 
other_PfMt_alphaR =  0.21571 +/- 0.0062786 C L(0 - 10) 

sig_sinMHTphiJet_mean = -0.00145401 +/- 0.0036568  C L(-1 - 1) 
sig_sinMHTphiJet_sigmaL =  0.16760 +/- 0.0036025  C L(0 - 100) 
sig_sinMHTphiJet_sigmaR =  0.16539 +/- 0.0036610  C L(0 - 100) 
sig_sinMHTphiJet_alphaL =  0.32843 +/- 0.0065139  C L(0 - 1) 
sig_sinMHTphiJet_alphaR =  0.34309 +/- 0.0066123  C L(0 - 1) 

ttbar_sinMHTphiJet_mean = -0.0274854 +/- 0.0022239  C L(-1 - 1) 
ttbar_sinMHTphiJet_sigmaL =  0.40915 +/- 0.0053134  C L(0 - 100) 
ttbar_sinMHTphiJet_sigmaR =  0.48916 +/- 0.0056623  C L(0 - 100) 
ttbar_sinMHTphiJet_alphaL =  2.3309 +/- 0.030463  C L(0 - 100) 
ttbar_sinMHTphiJet_alphaR =  2.1507 +/- 0.030393  C L(0 - 100) 

other_sinMHTphiJet_mean =  0.025149 +/- 0.013523  C L(0 - 10) 
other_sinMHTphiJet_sigmaL =  0.26800 +/- 0.017541  C L(0 - 10) 
other_sinMHTphiJet_sigmaR =  0.20108 +/- 0.015962  C L(0 - 10) 
other_sinMHTphiJet_alphaL =  0.36094 +/- 0.036857  C L(0 - 1) 
other_sinMHTphiJet_alphaR =  0.47930 +/- 0.033371  C L(0 - 1) 


N_sig = 398 +/- 220.00  L(-100 - 900000)

# QCD + gamma+jet + Wother + Z+jets
N_qcd =  1269 +/- 50.000  L(-500 - 10000)

# ttbar + single top
N_other = 2 +/- 0.1 L(-500 - 10000)

   [Observables]

pfmt           = 90 C L(20 - 150)      // [GeV]
