
   [Parameters]

sig_PfMt_mean1 =  74.472 +/- 0.99208 C L(50 - 100) 
sig_PfMt_sigmaL1 =  12.050 +/- 1.2003 C L(0 - 100) 
sig_PfMt_sigmaR1 =  9.9380 +/- 0.82375 C L(0 - 30) 
sig_PfMt_alphaL1 =  0.010000 +/- 0.87224 C L(0.01 - 1) 
sig_PfMt_alphaR1 =  0.16829 +/- 0.025312 C L(0 - 100) 
sig_PfMt_mean2 =  55.000 +/- 5.6600 C L(30 - 55) 
sig_PfMt_sigmaL2 =  38.916 +/- 35.357 C L(0 - 100) 
sig_PfMt_sigmaR2 =  6.2963 +/- 2.3017 C L(0 - 30) 
sig_PfMt_alphaL2 =  0.99877 +/- 0.98695 C L(0.01 - 1) 
sig_PfMt_alphaR2 =  0.00083234 +/- 1.2045 C L(0 - 100) 
sig_PfMt_f1 =  0.74111 +/- 0.031238 C L(0 - 1) 

qcd_PfMt_mean1 =  21.764 +/- 8.3290 C L(10 - 100) 
qcd_PfMt_mean2 =  26.212 +/- 25.161 C L(10 - 100) 
qcd_PfMt_sigma1 =  14.097 +/- 5.9583 C L(0 - 100) 
qcd_PfMt_sigma2 =  29.996 +/- 29.693 C L(0 - 30) 
qcd_PfMt_f1 =  0.71972 +/- 0.28673 C L(0 - 1) 

other_PfMt_mean1 =  76.151 +/- 18.429 C L(50 - 100) 
other_PfMt_sigmaL1 =  20.433 +/- 17.638 C L(5 - 50) 
other_PfMt_sigmaR1 =  10.576 +/- 11.617 C L(5 - 50) 
other_PfMt_alphaL1 =  0.49990 +/- 0.091895 C L(0.1 - 0.5) 
other_PfMt_alphaR1 =  0.19940 +/- 0.20256 C L(0 - 0.5) 
other_PfMt_mean2 =  56.482 +/- 20.948 C L(30 - 80) 
other_PfMt_sigmaL2 =  42.038 +/- 20.183 C L(10 - 60) 
other_PfMt_sigmaR2 =  43.330 +/- 19.747 C L(10 - 60) 
other_PfMt_alphaL2 =  0.50000 +/- 0.091934 C L(0.1 - 0.5) 
other_PfMt_alphaR2 =  0.072529 +/- 0.14810 C L(0 - 0.5) 
other_PfMt_f1 =  0.76678 +/- 0.35034 C L(0 - 1) 

sig_sinMHTphiJet_mean =  0.0024579 +/- 0.011661  C L(-1 - 1) 
sig_sinMHTphiJet_sigmaL =  0.17861 +/- 0.012653  C L(0 - 100) 
sig_sinMHTphiJet_sigmaR =  0.17491 +/- 0.013004  C L(0 - 100) 
sig_sinMHTphiJet_alphaL =  0.46762 +/- 0.025063  C L(0 - 1) 
sig_sinMHTphiJet_alphaR =  0.47282 +/- 0.025460  C L(0 - 1) 

ttbar_sinMHTphiJet_mean =  0.043955 +/- 0.0015162  C L(-1 - 1) 
ttbar_sinMHTphiJet_sigmaL =  0.37301 +/- 0.0024150  C L(0 - 100) 
ttbar_sinMHTphiJet_sigmaR =  0.26199 +/- 0.0021317  C L(0 - 100) 
ttbar_sinMHTphiJet_alphaL =  0.70066 +/- 0.0086669  C L(0 - 100) 
ttbar_sinMHTphiJet_alphaR =  0.87564 +/- 0.0083718  C L(0 - 100) 

other_sinMHTphiJet_mean =  0.017473 +/- 0.029630  C L(0 - 10) 
other_sinMHTphiJet_sigmaL =  0.20612 +/- 0.032301  C L(0 - 10) 
other_sinMHTphiJet_sigmaR =  0.15898 +/- 0.031945  C L(0 - 10) 
other_sinMHTphiJet_alphaL =  0.40239 +/- 0.061243  C L(0 - 1) 
other_sinMHTphiJet_alphaR =  0.47194 +/- 0.060000  C L(0 - 1) 

N_sig = 12 +/- 0.54950 L(-100 - 900000)

N_qcd =  16 +/- 50.000  L(-500 - 10000)

N_other =  2 +/- 50.000  L(-500 - 10000)

   [Observables]

pfmt           = 90 C L(20 - 150)      // [GeV]

