
   [Parameters]

sig_Mt_mean =  71.446 +/- 1.4744  C L(10 - 100) 
sig_Mt_sigma =  14.607 +/- 2.1045  C L(10 - 100) 
sig_Mt_alpha =  0.39726 +/- 0.066106  C L(0 - 10) 
sig_Mt_alphaCB =  0.51738 +/- 0.12600  C L(0 - 10) 
sig_Mt_nCB =  9.3410 +/- 5.7896  C L(0.2 - 1000) 

ttbar_Mt_mean =  70.367 +/- 1.3500  C L(10 - 100) 
ttbar_Mt_sigma =  22.148 +/- 0.011553  C L(10 - 100) 
ttbar_Mt_alpha =  0.23755 +/- 0.0019399  C L(0 - 10) 
ttbar_Mt_alphaCB =  0.80674 +/- 0.0044857  C L(0 - 10) 
ttbar_Mt_nCB =  7.9218 +/- 0.13169  C L(0.2 - 15) 

other_Mt_mean =  60.840 +/- 3.5577  C L(10 - 100) 
other_Mt_sigma =  30.339 +/- 6.6435  C L(10 - 100) 
other_Mt_alpha =  0.17698 +/- 7.2972  C L(0 - 10) 
other_Mt_alphaCB =  0.71453 +/- 0.15732  C L(0 - 10) 
other_Mt_nCB =  14.994 +/- 14.775  C L(0.2 - 15) 

sig_sinMHTphiJet_mean =  0.0024579 +/- 0.011661  C L(-1 - 1) 
sig_sinMHTphiJet_sigmaL =  0.17861 +/- 0.012653  C L(0 - 100) 
sig_sinMHTphiJet_sigmaR =  0.17491 +/- 0.013004  C L(0 - 100) 
sig_sinMHTphiJet_alphaL =  0.46762 +/- 0.025063  C L(0 - 1) 
sig_sinMHTphiJet_alphaR =  0.47282 +/- 0.025460  C L(0 - 1) 

ttbar_sinMHTphiJet_mean =  0.043955 +/- 0.0015162  C L(-1 - 1) 
ttbar_sinMHTphiJet_sigmaL =  0.37301 +/- 0.0024150  C L(0 - 100) 
ttbar_sinMHTphiJet_sigmaR =  0.26199 +/- 0.0021317  C L(0 - 100) 
ttbar_sinMHTphiJet_alphaL =  0.70066 +/- 0.0086669  C L(0 - 100) 
ttbar_sinMHTphiJet_alphaR =  0.87564 +/- 0.0083718  C L(0 - 100) 

other_sinMHTphiJet_mean =  0.017473 +/- 0.029630  C L(0 - 10) 
other_sinMHTphiJet_sigmaL =  0.20612 +/- 0.032301  C L(0 - 10) 
other_sinMHTphiJet_sigmaR =  0.15898 +/- 0.031945  C L(0 - 10) 
other_sinMHTphiJet_alphaL =  0.40239 +/- 0.061243  C L(0 - 1) 
other_sinMHTphiJet_alphaR =  0.47194 +/- 0.060000  C L(0 - 1) 

bveto_acc_p1 =  1.0000 C L(-2 - 2)
bveto_acc_p2 =  0.0000 C L(-2 - 2)
bveto_rej_p1 = -1.000000 C L(-2 - 2)
bveto_rej_p2 =  0.0000 C L(-2 - 2)

N_sig =  2570 +/- 0.54950 L(-100 - 900000)
eff_sig =  0.803 +/- 0.000044403  L(0 - 1)

N_ttbar =  1004 +/- 50.000  L(-500 - 10000)
eff_ttbar =  0.354 +/- 0.50000  L(0 - 1)

N_other =  624 +/- 50.000  L(-500 - 10000)
eff_other = 0.752  +/- 0.50000   L(0 - 1)

   [Observables]

Mt             = 90 C L(30 - 250)      // [GeV]
sinMHTphiJet   = 0  C L(-0.85 - 0.85)
BVetoCat       = 1  C L(-1 - 1)
weight         = 1  C L(0 - 1000)
