
   [Parameters]

sig_Mt_mean =  72.307 +/- 0.83623  C L(10 - 100) 
sig_Mt_sigma =  17.233 +/- 1.4237  C L(10 - 100) 
sig_Mt_alpha =  0.25470 +/- 0.073172  C L(0 - 10) 
sig_Mt_alphaCB =  0.53597 +/- 0.062079  C L(0 - 10) 
sig_Mt_nCB =  19.011 +/- 14.714  C L(0.2 - 1000) 

ttbar_Mt_mean =  70.552 +/- 0.54537  C L(10 - 100) 
ttbar_Mt_sigma =  21.016 +/- 1.1141  C L(10 - 100) 
ttbar_Mt_alpha =  0.28804 +/- 0.074755  C L(0 - 10) 
ttbar_Mt_alphaCB =  0.66470 +/- 0.024444  C L(0 - 10) 
ttbar_Mt_nCB =  15.000 +/- 0.61440  C L(0.2 - 15) 

other_Mt_mean =  83.562 +/- 0.20589  C L(10 - 100) 
other_Mt_sigma =  43.521 +/- 0.19034  C L(10 - 100) 
other_Mt_alpha =  0.00000017744 +/- 0.42122  C L(0 - 10) 
other_Mt_alphaCB =  1.0243 +/- 0.64522  C L(0 - 10) 
other_Mt_nCB =  15.000 +/- 13.274  C L(0.2 - 15) 

sig_sinMHTphiJet_mean =  0.0076111 +/- 0.040245  C L(-1 - 1) 
sig_sinMHTphiJet_sigmaL =  0.29686 +/- 0.053314  C L(0 - 100) 
sig_sinMHTphiJet_sigmaR =  0.24190 +/- 0.047633  C L(0 - 100) 
sig_sinMHTphiJet_alphaL =  0.62938 +/- 0.11174  C L(0 - 1) 
sig_sinMHTphiJet_alphaR =  0.77980 +/- 0.098738  C L(0 - 1) 

ttbar_sinMHTphiJet_mean =  0.015548 +/- 0.0071077  C L(-1 - 1) 
ttbar_sinMHTphiJet_sigmaL =  0.36187 +/- 0.012009  C L(0 - 100) 
ttbar_sinMHTphiJet_sigmaR =  0.29632 +/- 0.012029  C L(0 - 100) 
ttbar_sinMHTphiJet_alphaL =  0.85372 +/- 0.040428  C L(0 - 100) 
ttbar_sinMHTphiJet_alphaR =  1.0700 +/- 0.041549  C L(0 - 100) 

other_sinMHTphiJet_mean =  0.020396 +/- 0.031808  C L(0 - 10) 
other_sinMHTphiJet_sigmaL =  0.23062 +/- 0.041473  C L(0 - 10) 
other_sinMHTphiJet_sigmaR =  0.18919 +/- 0.042362  C L(0 - 10) 
other_sinMHTphiJet_alphaL =  0.65975 +/- 0.10858  C L(0 - 1) 
other_sinMHTphiJet_alphaR =  0.74117 +/- 0.11308  C L(0 - 1) 

bveto_acc_p1 =  1.0000 C L(-2 - 2)
bveto_acc_p2 =  0.0000 C L(-2 - 2)
bveto_rej_p1 = -1.000000 C L(-2 - 2)
bveto_rej_p2 =  0.0000 C L(-2 - 2)

N_sig =  1573 +/- 220.00  L(-100 - 900000)
eff_sig =  0.601 +/- 0.0022246 C L(0 - 1)

N_ttbar =  869 +/- 50.000  L(-500 - 10000)
eff_ttbar =  0.121 +/- 0.0010562 C L(0 - 1)

N_other =  324 +/- 20.855 L(-500 - 10000)
eff_other =  0.547 +/- 0.0013478 C L(0 - 1)

   [Observables]

Mt             = 90 C L(30 - 250)      // [GeV]
sinMHTphiJet   = 0  C L(-0.85 - 0.85)
BVetoCat       = 1  C L(-1 - 1)
weight         = 1  C L(0 - 1000)

