
   [Parameters]

sig_PfMt_mean1 =  85.447 +/- 0.31533 C L(50 - 100) 
sig_PfMt_sigmaL1 =  47.545 +/- 22.766 C L(5 - 50) 
sig_PfMt_sigmaR1 =  7.0958 +/- 2.1287 C L(5 - 50) 
sig_PfMt_alphaL1 =  0.10002 +/- 0.39877 C L(0.1 - 0.5) 
sig_PfMt_alphaR1 =  0.18659 +/- 0.060842 C L(0 - 0.5) 
sig_PfMt_mean2 =  76.616 +/- 30.687 C L(30 - 80) 
sig_PfMt_sigmaL2 =  17.195 +/- 25.656 C L(10 - 60) 
sig_PfMt_sigmaR2 =  21.384 +/- 5.1007 C L(10 - 60) 
sig_PfMt_alphaL2 =  0.13933 +/- 0.32895 C L(0.1 - 0.5) 
sig_PfMt_alphaR2 =  0.13595 +/- 0.071850 C L(0 - 0.5) 
sig_PfMt_f1 =  0.65086 +/- 0.30783 C L(0 - 1) 

qcd_PfMt_mean1 =  66.694 +/- 0.26108 C L(10 - 100) 
qcd_PfMt_mean2 =  10.060 +/- 0.013997 C L(10 - 100) 
qcd_PfMt_sigma1 =  37.505 +/- 0.29084 C L(0 - 100) 
qcd_PfMt_sigma2 =  27.249 +/- 0.052014 C L(0 - 30) 
qcd_PfMt_f1 =  0.098807 +/- 0.0017924 C L(0 - 1) 

other_PfMt_mean1 =  76.274 +/- 37.867 C L(50 - 100) 
other_PfMt_sigmaL1 =  12.093 +/- 40.974 C L(5 - 50) 
other_PfMt_sigmaR1 =  9.2562 +/- 37.982 C L(5 - 50) 
other_PfMt_alphaL1 =  0.28060 +/- 0.25764 C L(0.1 - 0.5) 
other_PfMt_alphaR1 =  0.20769 +/- 0.26309 C L(0 - 0.5) 
other_PfMt_mean2 =  55.714 +/- 31.563 C L(30 - 80) 
other_PfMt_sigmaL2 =  27.309 +/- 39.172 C L(10 - 60) 
other_PfMt_sigmaR2 =  29.045 +/- 36.413 C L(10 - 60) 
other_PfMt_alphaL2 =  0.49794 +/- 0.38670 C L(0.1 - 0.5) 
other_PfMt_alphaR2 =  0.090141 +/- 0.29675 C L(0 - 0.5) 

sig_sinMHTphiJet_mean =  0.070685 +/- 0.037470  C L(-1 - 1) 
sig_sinMHTphiJet_sigmaL =  0.24843 +/- 0.045984  C L(0 - 100) 
sig_sinMHTphiJet_sigmaR =  0.15180 +/- 0.037641  C L(0 - 100) 
sig_sinMHTphiJet_alphaL =  0.37523 +/- 0.083889  C L(0 - 1) 
sig_sinMHTphiJet_alphaR =  0.46532 +/- 0.075524  C L(0 - 1) 

ttbar_sinMHTphiJet_mean = -0.00505826 +/- 0.012296  C L(-1 - 1) 
ttbar_sinMHTphiJet_sigmaL =  0.22791 +/- 0.015234  C L(0 - 100) 
ttbar_sinMHTphiJet_sigmaR =  0.23729 +/- 0.015241  C L(0 - 100) 
ttbar_sinMHTphiJet_alphaL =  0.56310 +/- 0.032220  C L(0 - 100) 
ttbar_sinMHTphiJet_alphaR =  0.51057 +/- 0.031629  C L(0 - 100) 

other_sinMHTphiJet_mean =  0.033638 +/- 0.047780  C L(0 - 10) 
other_sinMHTphiJet_sigmaL =  0.11945 +/- 0.052528  C L(0 - 10) 
other_sinMHTphiJet_sigmaR =  0.084636 +/- 0.045384  C L(0 - 10) 
other_sinMHTphiJet_alphaL =  0.53000 +/- 0.10222  C L(0 - 1) 
other_sinMHTphiJet_alphaR =  0.59972 +/- 0.10858  C L(0 - 1) 

bveto_acc_p1 =  1.0000 C L(-2 - 2)
bveto_acc_p2 =  0.0000 C L(-2 - 2)
bveto_rej_p1 = -1.000000 C L(-2 - 2)
bveto_rej_p2 =  0.0000 C L(-2 - 2)

N_sig =  355 +/- 220.00  L(-100 - 900000)
eff_sig =  0.739 +/- 0.0022246  C L(0 - 1)

N_ttbar =  442 +/- 50.000  L(-500 - 10000)
eff_ttbar = 0.320  +/- 0.0010562  C L(0 - 1)

N_other =  96 +/- 20.855 L(-500 - 10000)
eff_other =  0.581 +/- 0.0013478 C L(0 - 1)

   [Observables]

Mt             = 90 C L(30 - 250)      // [GeV]
sinMHTphiJet   = 0  C L(-0.85 - 0.85)
BVetoCat       = 1  C L(-1 - 1)
weight         = 1  C L(0 - 1000)
