
   [Parameters]

# MC ones
# sig_PfMt_mean1 =  74.472 +/- 0.99208 C L(50 - 100) 

# 0-jet bin
sig_PfMt_mean1 =  72.921 +/- 2.0950 C L(10 - 100) 

sig_PfMt_sigmaL1 =  12.050 +/- 1.2003 C L(0 - 100) 
sig_PfMt_sigmaR1 =  9.9380 +/- 0.82375 C L(0 - 30) 
sig_PfMt_alphaL1 =  0.010000 +/- 0.87224 C L(0.01 - 1) 
sig_PfMt_alphaR1 =  0.16829 +/- 0.025312 C L(0 - 100) 
sig_PfMt_mean2 =  55.000 +/- 5.6600 C L(30 - 55) 
sig_PfMt_sigmaL2 =  38.916 +/- 35.357 C L(0 - 100) 
sig_PfMt_sigmaR2 =  6.2963 +/- 2.3017 C L(0 - 30) 
sig_PfMt_alphaL2 =  0.99877 +/- 0.98695 C L(0.01 - 1) 
sig_PfMt_alphaR2 =  0.00083234 +/- 1.2045 C L(0 - 100) 
sig_PfMt_f1 =  0.74111 +/- 0.031238 C L(0 - 1) 

qcd_PfMt_mean1 =  66.694 +/- 0.26108  L(10 - 100) 
qcd_PfMt_mean2 =  10.060 +/- 0.013997 C L(10 - 100) 
qcd_PfMt_sigma1 =  37.505 +/- 0.29084 C L(0 - 100) 
qcd_PfMt_sigma2 =  27.249 +/- 0.052014 C L(0 - 30) 
qcd_PfMt_f1 =  0.098807 +/- 0.0017924 C L(0 - 1) 

other_PfMt_mean1 =  76.274 +/- 37.867 C L(50 - 100) 
other_PfMt_sigmaL1 =  12.093 +/- 40.974 C L(5 - 50) 
other_PfMt_sigmaR1 =  9.2562 +/- 37.982 C L(5 - 50) 
other_PfMt_alphaL1 =  0.28060 +/- 0.25764 C L(0.1 - 0.5) 
other_PfMt_alphaR1 =  0.20769 +/- 0.26309 C L(0 - 0.5) 
other_PfMt_mean2 =  55.714 +/- 31.563 C L(30 - 80) 
other_PfMt_sigmaL2 =  27.309 +/- 39.172 C L(10 - 60) 
other_PfMt_sigmaR2 =  29.045 +/- 36.413 C L(10 - 60) 
other_PfMt_alphaL2 =  0.49794 +/- 0.38670 C L(0.1 - 0.5) 
other_PfMt_alphaR2 =  0.090141 +/- 0.29675 C L(0 - 0.5) 

sig_sinMHTphiJet_mean =  0.070685 +/- 0.037470  C L(-1 - 1) 
sig_sinMHTphiJet_sigmaL =  0.24843 +/- 0.045984  C L(0 - 100) 
sig_sinMHTphiJet_sigmaR =  0.15180 +/- 0.037641  C L(0 - 100) 
sig_sinMHTphiJet_alphaL =  0.37523 +/- 0.083889  C L(0 - 1) 
sig_sinMHTphiJet_alphaR =  0.46532 +/- 0.075524  C L(0 - 1) 

ttbar_sinMHTphiJet_mean = -0.00505826 +/- 0.012296  C L(-1 - 1) 
ttbar_sinMHTphiJet_sigmaL =  0.22791 +/- 0.015234  C L(0 - 100) 
ttbar_sinMHTphiJet_sigmaR =  0.23729 +/- 0.015241  C L(0 - 100) 
ttbar_sinMHTphiJet_alphaL =  0.56310 +/- 0.032220  C L(0 - 100) 
ttbar_sinMHTphiJet_alphaR =  0.51057 +/- 0.031629  C L(0 - 100) 

other_sinMHTphiJet_mean =  0.033638 +/- 0.047780  C L(0 - 10) 
other_sinMHTphiJet_sigmaL =  0.11945 +/- 0.052528  C L(0 - 10) 
other_sinMHTphiJet_sigmaR =  0.084636 +/- 0.045384  C L(0 - 10) 
other_sinMHTphiJet_alphaL =  0.53000 +/- 0.10222  C L(0 - 1) 
other_sinMHTphiJet_alphaR =  0.59972 +/- 0.10858  C L(0 - 1) 

bveto_acc_p1 =  1.0000 C L(-2 - 2)
bveto_acc_p2 =  0.0000 C L(-2 - 2)
bveto_rej_p1 = -1.000000 C L(-2 - 2)
bveto_rej_p2 =  0.0000 C L(-2 - 2)

N_sig =  355 +/- 220.00  L(-10 - 900000)

N_qcd =  442 +/- 50.000  L(-500 - 10000)

N_other =  1.8 +/- 20.855 C L(-500 - 10000)

   [Observables]


pfmt           = 90 C L(0 - 150)      // [GeV]

