

   [Parameters]

# MC ones
sig_PfMt_mean1 =  76.874 +/- 0.50399 C L(50 - 100) 

# 0-jet bin
sig_PfMt_mean1 =  72.921 +/- 2.0950 C L(10 - 100) 

sig_PfMt_sigmaL1 =  17.523 +/- 0.83014 C L(0 - 100) 
sig_PfMt_sigmaR1 =  7.7284 +/- 0.35066 C L(0 - 30) 
sig_PfMt_alphaL1 =  0.24923 +/- 0.032179 C L(0.01 - 1) 
sig_PfMt_alphaR1 =  0.15756 +/- 0.013059 C L(0 - 100) 
sig_PfMt_mean2 =  30.836 +/- 12.827 C L(30 - 55) 
sig_PfMt_sigmaL2 =  74.948 +/- 52.670 C L(0 - 100) 
sig_PfMt_sigmaR2 =  26.515 +/- 18.256 C L(0 - 30) 
sig_PfMt_alphaL2 =  0.078163 +/- 0.21093 C L(0.01 - 1) 
sig_PfMt_alphaR2 =  0.033433 +/- 11.519 C L(0 - 100) 
sig_PfMt_f1 =  0.99550 +/- 0.025561 C L(0 - 1) 

qcd_PfMt_mean1 =  22.138 +/- 3.5938  L(10 - 100) 
qcd_PfMt_mean2 =  21.022 +/- 21.373 C L(10 - 100) 
qcd_PfMt_sigma1 =  12.493 +/- 2.4427  L(0 - 100) 
qcd_PfMt_sigma2 =  29.979 +/- 29.663 C L(0 - 30) 
qcd_PfMt_f1 =  0.82272 +/- 0.13989 C L(0 - 1) 

other_PfMt_mean1 =  75.989 +/- 26.665 C L(50 - 100) 
other_PfMt_sigmaL1 =  19.810 +/- 26.595 C L(5 - 50) 
other_PfMt_sigmaR1 =  10.669 +/- 31.039 C L(5 - 50) 
other_PfMt_alphaL1 =  0.49997 +/- 0.36799 C L(0.1 - 0.5) 
other_PfMt_alphaR1 =  0.19649 +/- 0.25195 C L(0 - 0.5) 
other_PfMt_mean2 =  56.490 +/- 35.703 C L(30 - 80) 
other_PfMt_sigmaL2 =  41.861 +/- 31.050 C L(10 - 60) 
other_PfMt_sigmaR2 =  42.650 +/- 33.443 C L(10 - 60) 
other_PfMt_alphaL2 =  0.50000 +/- 0.39773 C L(0.1 - 0.5) 
other_PfMt_alphaR2 =  0.063800 +/- 0.35192 C L(0 - 0.5) 
other_PfMt_f1 =  0.76626 +/- 0.61637 C L(0 - 1) 

sig_sinMHTphiJet_mean =  0.0024579 +/- 0.011661  C L(-1 - 1) 
sig_sinMHTphiJet_sigmaL =  0.17861 +/- 0.012653  C L(0 - 100) 
sig_sinMHTphiJet_sigmaR =  0.17491 +/- 0.013004  C L(0 - 100) 
sig_sinMHTphiJet_alphaL =  0.46762 +/- 0.025063  C L(0 - 1) 
sig_sinMHTphiJet_alphaR =  0.47282 +/- 0.025460  C L(0 - 1) 

ttbar_sinMHTphiJet_mean =  0.043955 +/- 0.0015162  C L(-1 - 1) 
ttbar_sinMHTphiJet_sigmaL =  0.37301 +/- 0.0024150  C L(0 - 100) 
ttbar_sinMHTphiJet_sigmaR =  0.26199 +/- 0.0021317  C L(0 - 100) 
ttbar_sinMHTphiJet_alphaL =  0.70066 +/- 0.0086669  C L(0 - 100) 
ttbar_sinMHTphiJet_alphaR =  0.87564 +/- 0.0083718  C L(0 - 100) 

other_sinMHTphiJet_mean =  0.017473 +/- 0.029630  C L(0 - 10) 
other_sinMHTphiJet_sigmaL =  0.20612 +/- 0.032301  C L(0 - 10) 
other_sinMHTphiJet_sigmaR =  0.15898 +/- 0.031945  C L(0 - 10) 
other_sinMHTphiJet_alphaL =  0.40239 +/- 0.061243  C L(0 - 1) 
other_sinMHTphiJet_alphaR =  0.47194 +/- 0.060000  C L(0 - 1) 

N_sig = 40.5 +/- 0.54950 L(0 - 9000)

N_qcd =  49.1 +/- 50.000  L(0 - 10000)

N_other =  1.6 +/- 50.000 C L(-500 - 10000)

   [Observables]

pfmt           = 90 C L(0 - 150)      // [GeV]

