   
   [Parameters]

sig_Mass_mean =  91.789 +/- 2.1338 C L(0 - 120) 
sig_Mass_sigmaL =  3.3972 +/- 2.3696 C L(0 - 1000) 
sig_Mass_sigmaR =  1.8237 +/- 1.7616 C L(0 - 1000) 
sig_Mass_alphaL =  0.18944 +/- 0.13357 C L(0 - 1000) 
sig_Mass_alphaR =  0.22570 +/- 0.16337 C L(0 - 1000) 

ttbarbkg_Mass_p1 = -1.02005 +/- 8.2985 C L(-1000 - 1000)
ttbarbkg_Mass_p2 =  0.0067767 +/- 0.055352 C L(-200 - 200)

N_sig =  11  L(0 - 10000)
N_ttbarbkg =  1  L(-100 - 10000)

   [Observables]

invMass =  90 C L(60 - 110)      // [GeV]
CSA07weight  = 0.001 C L(0. - 100.)
