
   [Parameters]

sig_Mass_mean =    91.331  +/- 0.091019   L(0 - 120)
sig_Mass_sigmaL =  2.6758  +/- 0.079689   L(0 - 1000)
sig_Mass_sigmaR =  1.6639  +/- 0.068983   L(0 - 1000)
sig_Mass_alphaL =  0.20323 +/- 0.0044434  L(0 - 1000)
sig_Mass_alphaR =  0.22225 +/- 0.0059436  L(0 - 1000)

bkg_Mass_p1 =  10.156    +/- 7.3148    C L(-100 - 100)
bkg_Mass_p2 = -0.0666683 +/- 0.048291  C L(-100 - 100)


sig_sinMHTphiMET_mean =   -0.000774035 +/- 0.0055242  L(-0.85 - 0.85)
sig_sinMHTphiMET_sigmaL =  0.12218     +/- 0.0048146  L(0.05 - 0.6)
sig_sinMHTphiMET_sigmaR =  0.12339     +/- 0.0048112  L(-0.85 - 0.85)
sig_sinMHTphiMET_alphaL =  0.19207     +/- 0.0085294  L(0.05 - 0.8)
sig_sinMHTphiMET_alphaR =  0.20228     +/- 0.0084531  L(0.1 - 0.8)

bkg_sinMHTphiMET_p1 = -0.0179957 +/- 0.064391   C L(-100 - 100)
bkg_sinMHTphiMET_p2 =  0.0000  C L(-100 - 100)

N_sig =  1831  L(0 - 10000) 
N_bkg =  46    L(-100 - 10000) 


   [Observables]

mass         =  90 C L(60 - 110)      // [GeV]
sinMHTphiMET =   0 C L(-0.85 - 0.85)
