
   [Parameters]

sig_Mass_mean =    90.887  +/- 0.72217  C L(0 - 120)
sig_Mass_sigmaL =  2.0613  +/- 0.53209  C L(0 - 1000)
sig_Mass_sigmaR =  2.5869  +/- 0.75887  C L(0 - 1000)
sig_Mass_alphaL =  0.21008 +/- 0.031447 C L(0 - 1000)
sig_Mass_alphaR =  0.19248 +/- 0.063380 C L(0 - 1000)

bkg_Mass_p1 =     10.648 +/- 36.140  C L(-100 - 100)
bkg_Mass_p2 = -0.0628751 +/- 0.21863 C L(-100 - 100)


sig_sinMHTphiMET_mean =   0.028767 +/- 0.067221  C L(-0.85 - 0.85)
sig_sinMHTphiMET_sigmaL =  0.13995 +/- 0.053634  C L(0.05 - 0.6)
sig_sinMHTphiMET_sigmaR =  0.15110 +/- 0.056579  C L(-0.85 - 0.85)
sig_sinMHTphiMET_alphaL =  0.31470 +/- 0.080620  C L(0.05 - 0.8)
sig_sinMHTphiMET_alphaR =  0.20525 +/- 0.087500  C L(0.1 - 0.8)

bkg_sinMHTphiMET_p1 =  0.052668 +/- 0.19049 C L(-100 - 100)
bkg_sinMHTphiMET_p2 =    0.0000 +/- 0.30000 C L(-100 - 100)


N_sig =  35   L(-100 - 10000)
N_bkg =   4   L(-100 - 10000)


   [Observables]

mass         =  90 C L(60 - 110)      // [GeV]
sinMHTphiMET =   0 C L(-0.85 - 0.85)

