   [Parameters]

sig_Mass_mean =  90.121 +/- 0.10034  L(60 - 120) 
sig_Mass_sigmaL =  4.1240 +/- 0.085894  L(0 - 100) 
sig_Mass_sigmaR =  2.1012 +/- 0.062879  L(0 - 100) 
sig_Mass_alphaL =  0.22137 +/- 0.011826  L(0 - 100) 
sig_Mass_alphaR =  0.21677 +/- 0.015701  L(0 - 100) 

bkg_Mass0j_p1 = -0.0190708 +/- 0.00000036011  C L(-100 - 100) 
bkg_Mass0j_p2 =  0.000091039 +/- 5.5744  C L(-100 - 100) 

bkg_Mass1j_p1 = -0.0190708 +/- 0.00000036011  C L(-100 - 100)
bkg_Mass1j_p2 =  0.000091039 +/- 5.5744  C L(-100 - 100)

bkg_Mass2j_p1 = -0.0129222 +/- 0.000000000011078  C L(-100 - 100)
bkg_Mass2j_p2 =  0.000033455 +/- 0.000000017001  C L(-100 - 100)

bkg_Mass3j_p1 = -0.0129222 +/- 0.00000000012207  C L(-100 - 100)
bkg_Mass3j_p2 =  0.000033455 +/- 0.000000021201  C L(-100 - 100)

bkg_Mass4j_p1 = -0.0129222 +/- 0.00000000012207  C L(-100 - 100)
bkg_Mass4j_p2 =  0.000033455 +/- 0.000000021201  C L(-100 - 100)

# 0-jet bin
N_excl0 = 10000.804 +/- 22.760 L(0 - 20000)
sig_Mass0_mean =  90.138 +/- 0.076814     L(60 - 120)
sig_Mass0_sigmaL =  4.4 +/- 0.070165      L(0 - 30)
sig_Mass0_sigmaR =  2.2 +/- 0.060726      L(0 - 30)
sig_Mass0_alphaL =  0.23971 +/- 0.048     L(0 - 10)
sig_Mass0_alphaR =  0.20178 +/- 0.040     L(0 - 10)

# slope parameters
alpha0_Zincl    = 4.0 +/- 22.760  L(-1000 - 10000) 
alpha1_Zincl    = 0.1 +/- 22.760  L(-1000 - 10000)
alpha2_Zincl    = 0. +/- 22.760  C L(-1000 - 10000)
alpha3_Zincl    = 0. +/- 22.760  C L(-1000 - 10000)
alpha4_Zincl    = 0. +/- 22.760  C L(-1000 - 10000)


N_Zincl0j =   9500 +/- 79.684      L(0 - 100000)	
    N_B0j =   200 +/- 22.760        L(0 - 500)         
N_Zincl1j =   2611.10000 +/- 79.684 L(0 - 5000)	
    N_B1j =   9 +/- 22.760     L( 0 - 100)         
N_Zincl2j =   200.50000 +/- 79.684  L(-20 - 1000)
    N_B2j =   2.000 +/- 16.431     L(0 - 100)      
N_Zincl3j =   40.20000 +/- 79.684  L(0 - 1000) 
    N_B3j =   2.4003 +/- 9.6954     L(0 - 10)       
N_Zincl4j =   4.50000 +/- 79.684   L(-10 - 100) 
    N_B4j =   1.0 +/- 5.1948     L( 0 - 10)     

# for the exclusive fit
N_Z0j =   8200 +/- 79.684      L(0 - 100000)	
N_Z1j =   1361.10000 +/- 79.684 L(0 - 100000)	
N_Z2j =   200.50000 +/- 79.684  L(-100 - 100000)
N_Z3j =   40.20000 +/- 79.684  L(-100 - 100000) 
N_Z4j =   4.60000 +/- 4   L(-100 - 100000) 


# to fit for the ratio
N_Zincl_total = 1700 L(0 - 1000000)
alphaR_Zincl   = 5.0 +/- 22.760 L(-1000 - 10000)
betaR_Zincl    = 0.0 +/- 22.760 L(-1000 - 10000)

0j_njets = 0
1j_njets = 1 
2j_njets = 2 
3j_njets = 3 
4j_njets = 4


   [Observables]
mee = 70 C L (60 - 110)
nExclJetsHi    = 1  C L (0.5 - 5.5)
nExclPFJetsHi  = 1  C L (0.5 - 5.5)
nExclJetsLo    = 1  C L (0.5 - 5.5)
nExclPFJetsLo  = 1  C L (0.5 - 5.5)
weight         = 1 C L(0 - 10000000)