
   [Parameters]

sig_Mass_mean =  91.968 +/- 1.1253 L(0 - 120) 
sig_Mass_sigmaL =  3.2967 +/- 1.0536 C L(0 - 1000) 
sig_Mass_sigmaR =  1.6252 +/- 0.79753 C L(0 - 1000) 
sig_Mass_alphaL =  0.16749 +/- 0.056976 C L(0 - 1000) 
sig_Mass_alphaR =  0.23655 +/- 0.066304 C L(0 - 1000)

ttbarbkg_Mass_p1 = -1.02005 +/- 8.2985 C L(-1000 - 1000)
ttbarbkg_Mass_p2 =  0.0067767 +/- 0.055352 C L(-200 - 200)

N_sig =  62  L(0 - 10000)
N_ttbarbkg =  4  L(-100 - 10000)


   [Observables]

invMass =  90 C L(60 - 110)      // [GeV]
CSA07weight  = 0.001 C L(0. - 100.)
