
   [Parameters]
sig_Mass_mean =  91.131 +/- 0.32918 C L(0 - 120) 
sig_Mass_sigmaL =  2.5236 +/- 0.27944 C L(0 - 1000) 
sig_Mass_sigmaR =  1.9160 +/- 0.29540 C L(0 - 1000) 
sig_Mass_alphaL =  0.22985 +/- 0.015870 C L(0 - 1000) 
sig_Mass_alphaR =  0.22221 +/- 0.024892 C L(0 - 1000) 
bkg_Mass_p1 =  10.380 +/- 23.387 C L(-100 - 100) 
bkg_Mass_p2 = -0.0650917 +/- 0.14800 C L(-100 - 100) 
sig_sinMHTphiMET_mean =  0.0054465 +/- 0.035804 C L(-0.85 - 0.85) 
sig_sinMHTphiMET_sigmaL =  0.14735 +/- 0.032796 C L(0.05 - 0.6) 
sig_sinMHTphiMET_sigmaR =  0.15076 +/- 0.035523 C L(-0.85 - 0.85) 
sig_sinMHTphiMET_alphaL =  0.36108 +/- 0.054047 C L(0.05 - 0.8) 
sig_sinMHTphiMET_alphaR =  0.37278 +/- 0.058987 C L(0.1 - 0.8) 
bkg_sinMHTphiMET_p1 = -0.0781997 +/- 0.12027 C L(-100 - 100) 
bkg_sinMHTphiMET_p2 =  0.0000 C L(-100 - 100) 
N_sig =  143.46 +/- 13.233 L(-100 - 10000) 
N_bkg =  9.5380 +/- 6.4194 L(-100 - 10000) 

   [Observables]
