
   [Parameters]
sig_Mass_mean =  91.261 +/- 0.10557 L(0 - 120) 
sig_Mass_sigmaL =  2.6800 +/- 0.095857 L(0 - 1000) 
sig_Mass_sigmaR =  1.7330 +/- 0.083878 L(0 - 1000) 
sig_Mass_alphaL =  0.20410 +/- 0.0072158 L(0 - 1000) 
sig_Mass_alphaR =  0.21171 +/- 0.0081676 L(0 - 1000) 
bkg_Mass_p1 =  10.156 +/- 7.3148 C L(-100 - 100) 
bkg_Mass_p2 = -0.0666683 +/- 0.048291 C L(-100 - 100) 
sig_sinMHTphiMET_mean =  0.00098211 +/- 0.010634 L(-0.85 - 0.85) 
sig_sinMHTphiMET_sigmaL =  0.15358 +/- 0.010444 L(0.05 - 0.6) 
sig_sinMHTphiMET_sigmaR =  0.15095 +/- 0.010500 L(-0.85 - 0.85) 
sig_sinMHTphiMET_alphaL =  0.31840 +/- 0.018343 L(0.05 - 0.8) 
sig_sinMHTphiMET_alphaR =  0.33314 +/- 0.018683 L(0.1 - 0.8) 
bkg_sinMHTphiMET_p1 = -0.0179957 +/- 0.064391 C L(-100 - 100) 
bkg_sinMHTphiMET_p2 =  0.0000 +/- 0.30000 C L(-100 - 100) 
N_sig =  4218.0 +/- 73.660 L(0 - 10000) 
N_bkg =  77.169 +/- 35.853 L(-100 - 10000) 

   [Observables]
