
   [Parameters]
sig_Mt_mean =  70.724 +/- 0.16802 C L(10 - 100) 
sig_Mt_sigma =  12.698 +/- 0.26064 C L(10 - 100) 
sig_Mt_alpha =  0.31004 +/- 0.012324 C L(0 - 10) 
sig_Mt_alphaCB =  0.49394 +/- 0.013039 C L(0 - 10) 
sig_Mt_nCB =  53.904 +/- 22.143 C L(0.2 - 1000) 
ttbar_Mt_mean =  70.482 +/- 0.18047 C L(10 - 100) 
ttbar_Mt_sigma =  20.100 +/- 0.19778 C L(10 - 100) 
ttbar_Mt_alpha =  0.33877 +/- 0.0070525 C L(0 - 10) 
ttbar_Mt_alphaCB =  0.66293 +/- 0.0017165 C L(0 - 10) 
ttbar_Mt_nCB =  13.550 +/- 1.2675 C L(0.2 - 15) 
other_Mt_mean =  56.557 +/- 0.011062 C L(10 - 100) 
other_Mt_sigma =  11.655 +/- 0.64827 C L(10 - 100) 
other_Mt_alpha =  1.3958 +/- 0.29296 C L(0 - 10) 
other_Mt_alphaCB =  0.35604 +/- 0.019114 C L(0 - 10) 
other_Mt_nCB =  15.000 +/- 0.037530 C L(0.2 - 15) 
sig_sinMHTphiJet_mean = -0.00357889 +/- 0.0034977 C L(-1 - 1) 
sig_sinMHTphiJet_sigmaL =  0.16843 +/- 0.0033046 C L(0 - 100) 
sig_sinMHTphiJet_sigmaR =  0.17089 +/- 0.0034240 C L(0 - 100) 
sig_sinMHTphiJet_alphaL =  0.27691 +/- 0.0055494 C L(0 - 1) 
sig_sinMHTphiJet_alphaR =  0.27870 +/- 0.0057192 C L(0 - 1) 
ttbar_sinMHTphiJet_mean =  0.0099323 +/- 0.0084888 C L(-1 - 1) 
ttbar_sinMHTphiJet_sigmaL =  0.28234 +/- 0.010965 C L(0 - 100) 
ttbar_sinMHTphiJet_sigmaR =  0.25413 +/- 0.010120 C L(0 - 100) 
ttbar_sinMHTphiJet_alphaL =  0.55039 +/- 0.021443 C L(0 - 100) 
ttbar_sinMHTphiJet_alphaR =  0.58594 +/- 0.020129 C L(0 - 100) 
other_sinMHTphiJet_mean =  0.0056873 +/- 0.00098642 C L(0 - 10) 
other_sinMHTphiJet_sigmaL =  0.23784 +/- 0.0010536 C L(0 - 10) 
other_sinMHTphiJet_sigmaR =  0.21360 +/- 0.0010540 C L(0 - 10) 
other_sinMHTphiJet_alphaL =  0.26955 +/- 0.0027621 C L(0 - 1) 
other_sinMHTphiJet_alphaR =  0.31444 +/- 0.0027698 C L(0 - 1) 
bveto_acc_p1 =  1.0000 C L(-2 - 2) 
bveto_acc_p2 =  0.0000 C L(-2 - 2) 
bveto_rej_p1 = -1.000000 C L(-2 - 2) 
bveto_rej_p2 =  0.0000 C L(-2 - 2) 
N_other =  1004.4 +/- 58.334 L(-500 - 10000) 
eff_other =  1.0342 +/- 0.022610 L(-2 - 2) 
N_sig =  19665 +/- 214.27 L(-100 - 900000) 
eff_sig =  0.68499 +/- 0.0091146 L(-2 - 2) 
N_ttbar =  1672.0 +/- 63.503 L(-500 - 10000) 
eff_ttbar = -1.14407 +/- 0.022729 L(-2 - 2) 

   [Observables]
