
   [Parameters]
sig_Mt_mean =  70.178 C L(10 - 100) 
sig_Mt_sigma =  16.321 C L(10 - 100) 
sig_Mt_alpha =  0.027543 C L(0 - 10) 
sig_Mt_alphaCB =  0.81474 C L(0 - 10) 
sig_Mt_nCB =  131.60 C L(0.2 - 1000) 
ttbar_Mt_mean =  70.808 +/- 0.56735 C L(10 - 100) 
ttbar_Mt_sigma =  22.804 +/- 0.23031 C L(10 - 100) 
ttbar_Mt_alpha =  0.17185 +/- 0.032716 C L(0 - 10) 
ttbar_Mt_alphaCB =  0.71659 +/- 0.010965 C L(0 - 10) 
ttbar_Mt_nCB =  14.996 +/- 0.76216 C L(0.2 - 15) 
other_Mt_mean =  54.234 +/- 0.020906 C L(10 - 100) 
other_Mt_sigma =  12.378 +/- 0.013878 C L(10 - 100) 
other_Mt_alpha =  0.019611 +/- 0.024013 C L(0 - 10) 
other_Mt_alphaCB =  0.43325 +/- 0.0050869 C L(0 - 10) 
other_Mt_nCB =  15.000 +/- 0.67676 C L(0.2 - 15) 
sig_sinMHTphiJet_mean =  0.0066747 C L(-1 - 1) 
sig_sinMHTphiJet_sigmaL =  0.23969 C L(0 - 100) 
sig_sinMHTphiJet_sigmaR =  0.22596 C L(0 - 100) 
sig_sinMHTphiJet_alphaL =  0.60475 C L(0 - 1) 
sig_sinMHTphiJet_alphaR =  0.61936 C L(0 - 1) 
ttbar_sinMHTphiJet_mean =  0.0024985 +/- 0.010061 C L(-1 - 1) 
ttbar_sinMHTphiJet_sigmaL =  0.30047 +/- 0.015332 C L(0 - 100) 
ttbar_sinMHTphiJet_sigmaR =  0.28923 +/- 0.015252 C L(0 - 100) 
ttbar_sinMHTphiJet_alphaL =  0.94180 +/- 0.036579 C L(0 - 100) 
ttbar_sinMHTphiJet_alphaR =  0.99787 +/- 0.036971 C L(0 - 100) 
other_sinMHTphiJet_mean =  0.0037954 +/- 0.097422 C L(0 - 10) 
other_sinMHTphiJet_sigmaL =  0.20505 +/- 0.038149 C L(0 - 10) 
other_sinMHTphiJet_sigmaR =  0.19547 +/- 0.037874 C L(0 - 10) 
other_sinMHTphiJet_alphaL =  0.74560 +/- 0.055612 C L(0 - 1) 
other_sinMHTphiJet_alphaR =  0.73533 +/- 0.055667 C L(0 - 1) 
bveto_acc_p1 =  1.0000 C L(-2 - 2) 
bveto_acc_p2 =  0.0000 C L(-2 - 2) 
bveto_rej_p1 = -1.000000 C L(-2 - 2) 
bveto_rej_p2 =  0.0000 C L(-2 - 2) 
N_other =  7302 +/- 10.985 L(-500 - 10000) 
eff_other =  0.59493 +/- 0.024815 L(-2 - 2) 
N_sig =  47818 +/- 486.13 L(-100 - 900000) 
eff_sig =  0.74159 +/- 0.0059018 L(-2 - 2) 
N_ttbar =  3303.7 +/- 442.28 L(-500 - 10000) 
eff_ttbar = -0.889122 +/- 0.18607 L(-2 - 2) 

   [Observables]
