
   [Parameters]
sig_Mass_mean =  91.321 +/- 0.17006 L(0 - 120) 
sig_Mass_sigmaL =  2.6462 +/- 0.14961 L(0 - 1000) 
sig_Mass_sigmaR =  1.6534 +/- 0.12951 L(0 - 1000) 
sig_Mass_alphaL =  0.20427 +/- 0.0094704 L(0 - 1000) 
sig_Mass_alphaR =  0.22444 +/- 0.011661 L(0 - 1000) 
bkg_Mass_p1 =  10.156 +/- 7.3148 C L(-100 - 100) 
bkg_Mass_p2 = -0.0666683 +/- 0.048291 C L(-100 - 100) 
sig_sinMHTphiMET_mean = -0.000461849 +/- 0.010414 L(-0.85 - 0.85) 
sig_sinMHTphiMET_sigmaL =  0.12257 +/- 0.0091507 L(0.05 - 0.6) 
sig_sinMHTphiMET_sigmaR =  0.12480 +/- 0.0092105 L(-0.85 - 0.85) 
sig_sinMHTphiMET_alphaL =  0.18702 +/- 0.017338 L(0.05 - 0.8) 
sig_sinMHTphiMET_alphaR =  0.19506 +/- 0.017178 L(0.1 - 0.8) 
bkg_sinMHTphiMET_p1 = -0.0179957 +/- 0.064391 C L(-100 - 100) 
bkg_sinMHTphiMET_p2 =  0.0000 C L(-100 - 100) 
N_sig =  1826.7 +/- 45.179 L(0 - 10000) 
N_bkg =  52.518 +/- 16.337 L(-100 - 10000) 

   [Observables]
