
   [Parameters]
sig_Mt_mean =  71.020 +/- 0.33983 C L(10 - 100) 
sig_Mt_sigma =  15.906 +/- 0.59848 C L(10 - 100) 
sig_Mt_alpha =  0.14470 +/- 0.027917 C L(0 - 10) 
sig_Mt_alphaCB =  0.63211 +/- 0.036030 C L(0 - 10) 
sig_Mt_nCB =  14.071 +/- 3.1771 C L(0.2 - 1000) 
ttbar_Mt_mean =  70.158 +/- 0.096302 C L(10 - 100) 
ttbar_Mt_sigma =  20.189 +/- 0.85618 C L(10 - 100) 
ttbar_Mt_alpha =  0.31832 +/- 0.053361 C L(0 - 10) 
ttbar_Mt_alphaCB =  0.69111 +/- 0.038972 C L(0 - 10) 
ttbar_Mt_nCB =  11.589 +/- 1.8566 C L(0.2 - 15) 
other_Mt_mean =  66.683 +/- 1.1257 C L(10 - 100) 
other_Mt_sigma =  27.548 +/- 1.9695 C L(10 - 100) 
other_Mt_alpha =  0.0000010786 +/- 0.056533 C L(0 - 10) 
other_Mt_alphaCB =  0.71758 +/- 0.063500 C L(0 - 10) 
other_Mt_nCB =  15.000 +/- 1.4468 C L(0.2 - 15) 
sig_sinMHTphiJet_mean = -0.00668856 +/- 0.012569 C L(-1 - 1) 
sig_sinMHTphiJet_sigmaL =  0.23015 +/- 0.016296 C L(0 - 100) 
sig_sinMHTphiJet_sigmaR =  0.24526 +/- 0.016240 C L(0 - 100) 
sig_sinMHTphiJet_alphaL =  0.77533 +/- 0.034038 C L(0 - 1) 
sig_sinMHTphiJet_alphaR =  0.72683 +/- 0.033403 C L(0 - 1) 
ttbar_sinMHTphiJet_mean = -0.00562530 +/- 0.0086794 C L(-1 - 1) 
ttbar_sinMHTphiJet_sigmaL =  0.24237 +/- 0.010160 C L(0 - 100) 
ttbar_sinMHTphiJet_sigmaR =  0.25078 +/- 0.010027 C L(0 - 100) 
ttbar_sinMHTphiJet_alphaL =  0.51426 +/- 0.019190 C L(0 - 100) 
ttbar_sinMHTphiJet_alphaR =  0.47897 +/- 0.018696 C L(0 - 100) 
other_sinMHTphiJet_mean =  0.0000037432 +/- 0.018228 C L(0 - 10) 
other_sinMHTphiJet_sigmaL =  0.18745 +/- 0.016148 C L(0 - 10) 
other_sinMHTphiJet_sigmaR =  0.20611 +/- 0.018456 C L(0 - 10) 
other_sinMHTphiJet_alphaL =  0.65826 +/- 0.043969 C L(0 - 1) 
other_sinMHTphiJet_alphaR =  0.61263 +/- 0.047314 C L(0 - 1) 
bveto_acc_p1 =  1.0000 C L(-2 - 2) 
bveto_acc_p2 =  0.0000 C L(-2 - 2) 
bveto_rej_p1 = -1.000000 C L(-2 - 2) 
bveto_rej_p2 =  0.0000 C L(-2 - 2) 
N_other =  3537.0 +/- 698.72 L(-500 - 10000) 
eff_other = -0.153782 +/- 0.13251 L(-2 - 2) 
N_sig =  6111.8 +/- 544.61 L(-100 - 900000) 
eff_sig =  0.31227 +/- 0.040793 L(-2 - 2) 
N_ttbar =  1941.0 +/- 1101.4 L(-500 - 10000) 
eff_ttbar =  1.7523 +/- 0.74068 L(-2 - 2) 

   [Observables]
