
   [Parameters]
sig_Mt_mean =  72.356 +/- 0.13228 C L(10 - 100) 
sig_Mt_sigma =  16.965 +/- 0.090363 C L(10 - 100) 
sig_Mt_alpha =  0.28507 +/- 0.0093287 C L(0 - 10) 
sig_Mt_alphaCB =  0.53055 +/- 0.0029173 C L(0 - 10) 
sig_Mt_nCB =  20.380 +/- 1.5405 C L(0.2 - 1000) 
ttbar_Mt_mean =  70.957 +/- 0.33478 C L(10 - 100) 
ttbar_Mt_sigma =  22.733 +/- 0.63213 C L(10 - 100) 
ttbar_Mt_alpha =  0.18515 +/- 0.051749 C L(0 - 10) 
ttbar_Mt_alphaCB =  0.74143 +/- 0.032130 C L(0 - 10) 
ttbar_Mt_nCB =  13.320 +/- 3.2818 C L(0.2 - 15) 
other_Mt_mean =  76.182 +/- 3.3245 C L(10 - 100) 
other_Mt_sigma =  57.398 +/- 0.18819 C L(10 - 100) 
other_Mt_alpha =  0.000050564 +/- 1.1622 C L(0 - 10) 
other_Mt_alphaCB =  1.7759 +/- 0.016662 C L(0 - 10) 
other_Mt_nCB =  4.4346 +/- 4.8656 C L(0.2 - 15) 
sig_sinMHTphiJet_mean =  0.042577 +/- 0.000011821 C L(-1 - 1) 
sig_sinMHTphiJet_sigmaL =  0.32390 +/- 0.00058118 C L(0 - 100) 
sig_sinMHTphiJet_sigmaR =  0.19677 +/- 0.000028488 C L(0 - 100) 
sig_sinMHTphiJet_alphaL =  0.57746 +/- 0.24727 C L(0 - 1) 
sig_sinMHTphiJet_alphaR =  0.80246 +/- 0.24112 C L(0 - 1) 
ttbar_sinMHTphiJet_mean = -0.00777844 +/- 0.013578 C L(-1 - 1) 
ttbar_sinMHTphiJet_sigmaL =  0.28733 +/- 0.019616 C L(0 - 100) 
ttbar_sinMHTphiJet_sigmaR =  0.29817 +/- 0.020690 C L(0 - 100) 
ttbar_sinMHTphiJet_alphaL =  0.82532 +/- 0.044763 C L(0 - 100) 
ttbar_sinMHTphiJet_alphaR =  0.82990 +/- 0.046637 C L(0 - 100) 
other_sinMHTphiJet_mean =  0.064180 +/- 0.044522 C L(0 - 10) 
other_sinMHTphiJet_sigmaL =  0.25942 +/- 0.064690 C L(0 - 10) 
other_sinMHTphiJet_sigmaR =  0.13882 +/- 0.048162 C L(0 - 10) 
other_sinMHTphiJet_alphaL =  0.65877 +/- 0.13352 C L(0 - 1) 
other_sinMHTphiJet_alphaR =  0.74960 +/- 0.11021 C L(0 - 1) 
bveto_acc_p1 =  1.0000 C L(-2 - 2) 
bveto_acc_p2 =  0.0000 C L(-2 - 2) 
bveto_rej_p1 = -1.000000 C L(-2 - 2) 
bveto_rej_p2 =  0.0000 C L(-2 - 2) 
N_other =  383.87 +/- 108.52 L(-500 - 10000) 
eff_other =  0.29700 +/- 0.0013478 C L(-2 - 2) 
N_sig =  1503.3 +/- 113.03 L(-100 - 900000) 
eff_sig =  0.36200 +/- 0.0022246 C L(-2 - 2) 
N_ttbar =  964.99 +/- 75.505 L(-500 - 10000) 
eff_ttbar =  0.042000 +/- 0.0010562 C L(-2 - 2) 

   [Observables]
