
   [Parameters]
sig_Mass_mean =  91.438 +/- 0.24723 L(0 - 120) 
sig_Mass_sigmaL =  2.7001 +/- 0.22829 L(0 - 1000) 
sig_Mass_sigmaR =  1.6244 +/- 0.19374 L(0 - 1000) 
sig_Mass_alphaL =  0.19639 +/- 0.017739 L(0 - 1000) 
sig_Mass_alphaR =  0.22109 +/- 0.019679 L(0 - 1000) 
bkg_Mass_p1 =  10.143 +/- 18.710 C L(-100 - 100) 
bkg_Mass_p2 = -0.0667578 +/- 0.12385 C L(-100 - 100) 
sig_sinMHTphiMET_mean =  0.0070703 +/- 0.025513 L(-0.85 - 0.85) 
sig_sinMHTphiMET_sigmaL =  0.16313 +/- 0.025828 L(0.05 - 0.6) 
sig_sinMHTphiMET_sigmaR =  0.15447 +/- 0.025673 L(-0.85 - 0.85) 
sig_sinMHTphiMET_alphaL =  0.31195 +/- 0.046465 L(0.05 - 0.8) 
sig_sinMHTphiMET_alphaR =  0.32609 +/- 0.046986 L(0.1 - 0.8) 
bkg_sinMHTphiMET_p1 = -0.0400616 +/- 0.074352 C L(-100 - 100) 
bkg_sinMHTphiMET_p2 =  0.0000 C L(-100 - 100) 
N_sig =  740.50 +/- 31.771 L(0 - 10000) 
N_bkg =  33.390 +/- 17.397 L(-100 - 10000) 

   [Observables]
