
   [Parameters]
sig_Mt_mean =  71.095 +/- 0.016231 C L(10 - 100) 
sig_Mt_sigma =  17.321 +/- 0.012126 C L(10 - 100) 
sig_Mt_alpha =  0.066766 +/- 0.0010042 C L(0 - 10) 
sig_Mt_alphaCB =  0.66966 +/- 0.00057476 C L(0 - 10) 
sig_Mt_nCB =  15.201 +/- 0.12246 C L(0.2 - 1000) 
ttbar_Mt_mean =  70.507 +/- 0.26387 C L(10 - 100) 
ttbar_Mt_sigma =  20.772 +/- 0.60091 C L(10 - 100) 
ttbar_Mt_alpha =  0.28899 +/- 0.041343 C L(0 - 10) 
ttbar_Mt_alphaCB =  0.65404 +/- 0.020548 C L(0 - 10) 
ttbar_Mt_nCB =  15.000 +/- 0.67913 C L(0.2 - 15) 
other_Mt_mean =  68.248 +/- 1.1285 C L(10 - 100) 
other_Mt_sigma =  25.387 +/- 1.5998 C L(10 - 100) 
other_Mt_alpha =  0.00000000024731 +/- 0.039397 C L(0 - 10) 
other_Mt_alphaCB =  0.65613 +/- 0.051371 C L(0 - 10) 
other_Mt_nCB =  15.000 +/- 1.4393 C L(0.2 - 15) 
sig_sinMHTphiJet_mean =  0.0014084 +/- 0.00045181 C L(-1 - 1) 
sig_sinMHTphiJet_sigmaL =  0.26820 +/- 0.014725 C L(0 - 100) 
sig_sinMHTphiJet_sigmaR =  0.27597 +/- 0.000059734 C L(0 - 100) 
sig_sinMHTphiJet_alphaL =  0.74694 +/- 0.00020409 C L(0 - 1) 
sig_sinMHTphiJet_alphaR =  0.70927 +/- 0.0042786 C L(0 - 1) 
ttbar_sinMHTphiJet_mean =  0.0075662 +/- 0.020749 C L(-1 - 1) 
ttbar_sinMHTphiJet_sigmaL =  0.38496 +/- 0.038430 C L(0 - 100) 
ttbar_sinMHTphiJet_sigmaR =  0.36838 +/- 0.037514 C L(0 - 100) 
ttbar_sinMHTphiJet_alphaL =  1.5383 +/- 0.11613 C L(0 - 100) 
ttbar_sinMHTphiJet_alphaR =  1.5726 +/- 0.11604 C L(0 - 100) 
other_sinMHTphiJet_mean =  0.00000010363 +/- 0.012809 C L(0 - 10) 
other_sinMHTphiJet_sigmaL =  0.18878 +/- 0.017862 C L(0 - 10) 
other_sinMHTphiJet_sigmaR =  0.21345 +/- 0.021895 C L(0 - 10) 
other_sinMHTphiJet_alphaL =  0.65866 +/- 0.050828 C L(0 - 1) 
other_sinMHTphiJet_alphaR =  0.60719 +/- 0.059158 C L(0 - 1) 
bveto_acc_p1 =  1.0000 C L(-2 - 2) 
bveto_acc_p2 =  0.0000 C L(-2 - 2) 
bveto_rej_p1 = -1.000000 C L(-2 - 2) 
bveto_rej_p2 =  0.0000 C L(-2 - 2) 
N_sig =  7914.4 +/- 325.70 L(-100 - 900000) 
eff_sig =  0.72903 +/- 0.023121 L(0 - 1) 
N_ttbar =  892.64 +/- 259.26 L(-500 - 10000) 
eff_ttbar =  0.00000068493 +/- 0.030587 L(0 - 1) 
N_other =  1693.6 +/- 287.98 L(-500 - 10000) 
eff_other =  0.55364 +/- 0.084345 L(0 - 1) 

   [Observables]

Mt             = 90 C L(30 - 250)      // [GeV]
sinMHTphiJet   = 0  C L(-0.80 - 0.80)
BVetoCat       = 1  C L(-1 - 1)
weight         = 1  C L(0 - 1000)
