
   [Parameters]
sig_Mass_mean =  91.337 +/- 0.40504 L(0 - 120) 
sig_Mass_sigmaL =  2.4903 +/- 0.37590 L(0 - 1000) 
sig_Mass_sigmaR =  1.6278 +/- 0.33050 L(0 - 1000) 
sig_Mass_alphaL =  0.22017 +/- 0.029087 L(0 - 1000) 
sig_Mass_alphaR =  0.24556 +/- 0.032729 L(0 - 1000) 
bkg_Mass_p1 =  10.434 +/- 19.290 C L(-100 - 100) 
bkg_Mass_p2 = -0.0647107 +/- 0.12039 C L(-100 - 100) 
sig_sinMHTphiMET_mean =  0.025753 +/- 0.036922 L(-0.85 - 0.85) 
sig_sinMHTphiMET_sigmaL =  0.15060 +/- 0.036108 L(0.05 - 0.6) 
sig_sinMHTphiMET_sigmaR =  0.12057 +/- 0.035462 L(-0.85 - 0.85) 
sig_sinMHTphiMET_alphaL =  0.29068 +/- 0.065245 L(0.05 - 0.8) 
sig_sinMHTphiMET_alphaR =  0.31446 +/- 0.065833 L(0.1 - 0.8) 
bkg_sinMHTphiMET_p1 = -0.0418016 +/- 0.095185 C L(-100 - 100) 
bkg_sinMHTphiMET_p2 =  0.0000 C L(-100 - 100) 
N_sig =  251.58 +/- 18.721 L(0 - 10000) 
N_bkg =  15.394 +/- 10.697 L(-100 - 10000) 

   [Observables]
